实验日期:2022-3-16
文件名:d:\我的文档\桌面\jwf\Al1.TXT
样品名:Al1
实验者: 
起始角= 20 
终止角= 70 
步宽= .02 
波长=1.5406
 30 kV,  15 mA
20.00 42 
20.02 49 
20.04 35 
20.06 35 
20.08 21 
20.10 42 
20.12 42 
20.14 42 
20.16 42 
20.18 42 
20.20 7 
20.22 7 
20.24 21 
20.26 14 
20.28 21 
20.30 14 
20.32 35 
20.34 21 
20.36 14 
20.38 14 
20.40 35 
20.42 28 
20.44 14 
20.46 14 
20.48 21 
20.50 14 
20.52 14 
20.54 14 
20.56 21 
20.58 14 
20.60 7 
20.62 35 
20.64 7 
20.66 14 
20.68 21 
20.70 14 
20.72 28 
20.74 28 
20.76 28 
20.78 14 
20.80 7 
20.82 14 
20.84 7 
20.86 14 
20.88 21 
20.90 7 
20.92 7 
20.94 14 
20.96 14 
20.98 35 
21.00 7 
21.02 14 
21.04 35 
21.06 21 
21.08 21 
21.10 21 
21.12 28 
21.14 21 
21.16 7 
21.18 14 
21.20 7 
21.22 14 
21.24 14 
21.26 14 
21.28 21 
21.30 21 
21.32 7 
21.34 7 
21.36 7 
21.38 21 
21.40 21 
21.42 7 
21.44 21 
21.46 7 
21.48 14 
21.50 7 
21.52 7 
21.54 7 
21.56 7 
21.58 21 
21.60 7 
21.62 7 
21.64 14 
21.66 14 
21.68 21 
21.70 14 
21.72 7 
21.74 14 
21.76 21 
21.78 14 
21.80 14 
21.82 21 
21.84 7 
21.86 7 
21.88 7 
21.90 21 
21.92 7 
21.94 7 
21.96 14 
21.98 21 
22.00 21 
22.02 28 
22.04 7 
22.06 14 
22.08 14 
22.10 14 
22.12 14 
22.14 14 
22.16 35 
22.18 14 
22.20 14 
22.22 7 
22.24 7 
22.26 14 
22.28 28 
22.30 21 
22.32 21 
22.34 7 
22.36 28 
22.38 28 
22.40 35 
22.42 28 
22.44 21 
22.46 7 
22.48 14 
22.50 42 
22.52 14 
22.54 21 
22.56 14 
22.58 14 
22.60 35 
22.62 7 
22.64 7 
22.66 21 
22.68 7 
22.70 7 
22.72 7 
22.74 21 
22.76 7 
22.78 14 
22.80 7 
22.82 7 
22.84 7 
22.86 7 
22.88 7 
22.90 7 
22.92 7 
22.94 7 
22.96 7 
22.98 7 
23.00 21 
23.02 21 
23.04 21 
23.06 21 
23.08 7 
23.10 14 
23.12 7 
23.14 14 
23.16 14 
23.18 14 
23.20 7 
23.22 21 
23.24 21 
23.26 21 
23.28 21 
23.30 7 
23.32 7 
23.34 7 
23.36 7 
23.38 7 
23.40 7 
23.42 14 
23.44 7 
23.46 7 
23.48 7 
23.50 28 
23.52 7 
23.54 7 
23.56 14 
23.58 14 
23.60 7 
23.62 7 
23.64 7 
23.66 7 
23.68 7 
23.70 7 
23.72 21 
23.74 21 
23.76 7 
23.78 7 
23.80 7 
23.82 14 
23.84 7 
23.86 7 
23.88 7 
23.90 21 
23.92 21 
23.94 14 
23.96 7 
23.98 7 
24.00 7 
24.02 14 
24.04 14 
24.06 28 
24.08 28 
24.10 14 
24.12 7 
24.14 7 
24.16 7 
24.18 7 
24.20 7 
24.22 14 
24.24 14 
24.26 7 
24.28 7 
24.30 7 
24.32 14 
24.34 14 
24.36 7 
24.38 7 
24.40 7 
24.42 7 
24.44 14 
24.46 7 
24.48 7 
24.50 21 
24.52 14 
24.54 7 
24.56 7 
24.58 7 
24.60 7 
24.62 7 
24.64 7 
24.66 7 
24.68 7 
24.70 7 
24.72 7 
24.74 7 
24.76 21 
24.78 14 
24.80 7 
24.82 28 
24.84 7 
24.86 7 
24.88 7 
24.90 7 
24.92 7 
24.94 7 
24.96 14 
24.98 14 
25.00 14 
25.02 7 
25.04 7 
25.06 28 
25.08 14 
25.10 7 
25.12 14 
25.14 21 
25.16 7 
25.18 7 
25.20 7 
25.22 7 
25.24 7 
25.26 7 
25.28 7 
25.30 7 
25.32 7 
25.34 7 
25.36 7 
25.38 7 
25.40 14 
25.42 14 
25.44 14 
25.46 7 
25.48 7 
25.50 7 
25.52 7 
25.54 7 
25.56 7 
25.58 7 
25.60 14 
25.62 14 
25.64 7 
25.66 7 
25.68 14 
25.70 7 
25.72 14 
25.74 14 
25.76 7 
25.78 14 
25.80 7 
25.82 14 
25.84 14 
25.86 14 
25.88 14 
25.90 7 
25.92 7 
25.94 7 
25.96 14 
25.98 14 
26.00 7 
26.02 7 
26.04 7 
26.06 7 
26.08 7 
26.10 7 
26.12 21 
26.14 21 
26.16 7 
26.18 7 
26.20 7 
26.22 7 
26.24 21 
26.26 14 
26.28 7 
26.30 7 
26.32 7 
26.34 7 
26.36 7 
26.38 28 
26.40 28 
26.42 7 
26.44 7 
26.46 28 
26.48 7 
26.50 7 
26.52 21 
26.54 14 
26.56 7 
26.58 14 
26.60 7 
26.62 7 
26.64 7 
26.66 7 
26.68 7 
26.70 21 
26.72 7 
26.74 7 
26.76 7 
26.78 21 
26.80 7 
26.82 7 
26.84 7 
26.86 7 
26.88 28 
26.90 14 
26.92 14 
26.94 21 
26.96 21 
26.98 21 
27.00 7 
27.02 7 
27.04 7 
27.06 7 
27.08 7 
27.10 7 
27.12 21 
27.14 7 
27.16 7 
27.18 7 
27.20 7 
27.22 7 
27.24 7 
27.26 14 
27.28 14 
27.30 14 
27.32 7 
27.34 7 
27.36 7 
27.38 14 
27.40 14 
27.42 28 
27.44 28 
27.46 7 
27.48 7 
27.50 14 
27.52 14 
27.54 14 
27.56 7 
27.58 14 
27.60 14 
27.62 21 
27.64 21 
27.66 21 
27.68 56 
27.70 28 
27.72 21 
27.74 7 
27.76 7 
27.78 14 
27.80 14 
27.82 7 
27.84 7 
27.86 14 
27.88 7 
27.90 7 
27.92 14 
27.94 14 
27.96 14 
27.98 14 
28.00 14 
28.02 7 
28.04 7 
28.06 14 
28.08 14 
28.10 14 
28.12 14 
28.14 14 
28.16 7 
28.18 7 
28.20 14 
28.22 14 
28.24 21 
28.26 21 
28.28 14 
28.30 14 
28.32 14 
28.34 7 
28.36 21 
28.38 21 
28.40 21 
28.42 21 
28.44 14 
28.46 14 
28.48 28 
28.50 7 
28.52 7 
28.54 7 
28.56 7 
28.58 7 
28.60 7 
28.62 21 
28.64 7 
28.66 7 
28.68 21 
28.70 21 
28.72 7 
28.74 7 
28.76 7 
28.78 7 
28.80 7 
28.82 7 
28.84 7 
28.86 7 
28.88 14 
28.90 7 
28.92 7 
28.94 7 
28.96 7 
28.98 7 
29.00 7 
29.02 7 
29.04 7 
29.06 7 
29.08 7 
29.10 7 
29.12 14 
29.14 7 
29.16 7 
29.18 7 
29.20 7 
29.22 7 
29.24 14 
29.26 14 
29.28 7 
29.30 7 
29.32 14 
29.34 7 
29.36 14 
29.38 7 
29.40 7 
29.42 14 
29.44 7 
29.46 7 
29.48 7 
29.50 14 
29.52 14 
29.54 14 
29.56 14 
29.58 14 
29.60 7 
29.62 7 
29.64 7 
29.66 7 
29.68 7 
29.70 7 
29.72 7 
29.74 7 
29.76 7 
29.78 7 
29.80 7 
29.82 7 
29.84 7 
29.86 7 
29.88 28 
29.90 7 
29.92 7 
29.94 7 
29.96 7 
29.98 7 
30.00 7 
30.02 7 
30.04 14 
30.06 14 
30.08 7 
30.10 7 
30.12 28 
30.14 7 
30.16 21 
30.18 7 
30.20 14 
30.22 21 
30.24 7 
30.26 7 
30.28 7 
30.30 7 
30.32 7 
30.34 7 
30.36 7 
30.38 7 
30.40 7 
30.42 7 
30.44 7 
30.46 7 
30.48 7 
30.50 7 
30.52 7 
30.54 7 
30.56 7 
30.58 7 
30.60 21 
30.62 7 
30.64 14 
30.66 14 
30.68 21 
30.70 21 
30.72 7 
30.74 7 
30.76 7 
30.78 7 
30.80 14 
30.82 21 
30.84 21 
30.86 7 
30.88 7 
30.90 7 
30.92 21 
30.94 7 
30.96 7 
30.98 28 
31.00 28 
31.02 7 
31.04 7 
31.06 7 
31.08 7 
31.10 7 
31.12 7 
31.14 7 
31.16 7 
31.18 7 
31.20 7 
31.22 7 
31.24 14 
31.26 7 
31.28 14 
31.30 14 
31.32 14 
31.34 14 
31.36 14 
31.38 21 
31.40 7 
31.42 21 
31.44 21 
31.46 7 
31.48 14 
31.50 14 
31.52 7 
31.54 7 
31.56 14 
31.58 7 
31.60 7 
31.62 7 
31.64 7 
31.66 14 
31.68 7 
31.70 7 
31.72 7 
31.74 7 
31.76 14 
31.78 21 
31.80 14 
31.82 7 
31.84 7 
31.86 7 
31.88 7 
31.90 14 
31.92 28 
31.94 7 
31.96 7 
31.98 7 
32.00 7 
32.02 7 
32.04 7 
32.06 7 
32.08 7 
32.10 21 
32.12 7 
32.14 7 
32.16 14 
32.18 7 
32.20 7 
32.22 7 
32.24 21 
32.26 21 
32.28 21 
32.30 7 
32.32 7 
32.34 7 
32.36 7 
32.38 7 
32.40 7 
32.42 7 
32.44 7 
32.46 14 
32.48 14 
32.50 7 
32.52 7 
32.54 21 
32.56 35 
32.58 35 
32.60 35 
32.62 14 
32.64 14 
32.66 14 
32.68 14 
32.70 7 
32.72 7 
32.74 7 
32.76 42 
32.78 7 
32.80 7 
32.82 7 
32.84 14 
32.86 7 
32.88 7 
32.90 7 
32.92 7 
32.94 7 
32.96 14 
32.98 28 
33.00 7 
33.02 14 
33.04 21 
33.06 7 
33.08 28 
33.10 7 
33.12 7 
33.14 7 
33.16 7 
33.18 7 
33.20 7 
33.22 7 
33.24 14 
33.26 14 
33.28 14 
33.30 14 
33.32 7 
33.34 7 
33.36 7 
33.38 7 
33.40 7 
33.42 7 
33.44 14 
33.46 7 
33.48 7 
33.50 7 
33.52 7 
33.54 7 
33.56 7 
33.58 14 
33.60 14 
33.62 7 
33.64 7 
33.66 7 
33.68 7 
33.70 7 
33.72 7 
33.74 7 
33.76 7 
33.78 7 
33.80 28 
33.82 7 
33.84 14 
33.86 7 
33.88 14 
33.90 7 
33.92 7 
33.94 7 
33.96 21 
33.98 21 
34.00 7 
34.02 7 
34.04 7 
34.06 7 
34.08 7 
34.10 7 
34.12 14 
34.14 7 
34.16 7 
34.18 7 
34.20 14 
34.22 14 
34.24 14 
34.26 14 
34.28 7 
34.30 7 
34.32 14 
34.34 14 
34.36 14 
34.38 14 
34.40 7 
34.42 7 
34.44 7 
34.46 7 
34.48 14 
34.50 21 
34.52 21 
34.54 7 
34.56 14 
34.58 7 
34.60 7 
34.62 7 
34.64 28 
34.66 7 
34.68 14 
34.70 7 
34.72 14 
34.74 14 
34.76 7 
34.78 7 
34.80 7 
34.82 14 
34.84 7 
34.86 7 
34.88 7 
34.90 7 
34.92 7 
34.94 7 
34.96 7 
34.98 28 
35.00 7 
35.02 14 
35.04 14 
35.06 14 
35.08 14 
35.10 14 
35.12 14 
35.14 14 
35.16 14 
35.18 14 
35.20 7 
35.22 7 
35.24 7 
35.26 7 
35.28 7 
35.30 7 
35.32 7 
35.34 14 
35.36 21 
35.38 21 
35.40 14 
35.42 14 
35.44 14 
35.46 14 
35.48 7 
35.50 7 
35.52 14 
35.54 7 
35.56 21 
35.58 7 
35.60 28 
35.62 7 
35.64 14 
35.66 14 
35.68 21 
35.70 7 
35.72 14 
35.74 14 
35.76 14 
35.78 7 
35.80 7 
35.82 14 
35.84 7 
35.86 7 
35.88 7 
35.90 14 
35.92 7 
35.94 7 
35.96 7 
35.98 28 
36.00 28 
36.02 28 
36.04 14 
36.06 14 
36.08 21 
36.10 14 
36.12 21 
36.14 14 
36.16 42 
36.18 14 
36.20 7 
36.22 21 
36.24 21 
36.26 56 
36.28 14 
36.30 42 
36.32 7 
36.34 7 
36.36 28 
36.38 14 
36.40 14 
36.42 21 
36.44 28 
36.46 14 
36.48 7 
36.50 14 
36.52 28 
36.54 28 
36.56 7 
36.58 35 
36.60 35 
36.62 28 
36.64 21 
36.66 21 
36.68 21 
36.70 7 
36.72 14 
36.74 21 
36.76 56 
36.78 14 
36.80 42 
36.82 7 
36.84 7 
36.86 21 
36.88 14 
36.90 21 
36.92 21 
36.94 28 
36.96 42 
36.98 21 
37.00 42 
37.02 14 
37.04 21 
37.06 21 
37.08 42 
37.10 42 
37.12 49 
37.14 42 
37.16 49 
37.18 21 
37.20 49 
37.22 21 
37.24 35 
37.26 49 
37.28 28 
37.30 90 
37.32 42 
37.34 49 
37.36 62 
37.38 42 
37.40 28 
37.42 28 
37.44 14 
37.46 62 
37.48 14 
37.50 49 
37.52 69 
37.54 21 
37.56 14 
37.58 62 
37.60 21 
37.62 7 
37.64 35 
37.66 7 
37.68 49 
37.70 56 
37.72 90 
37.74 35 
37.76 62 
37.78 69 
37.80 83 
37.82 69 
37.84 56 
37.86 69 
37.88 76 
37.90 83 
37.92 104 
37.94 118 
37.96 111 
37.98 146 
38.00 229 
38.02 250 
38.04 361 
38.06 361 
38.08 667 
38.10 896 
38.12 1326 
38.14 1708 
38.16 1951 
38.18 2069 
38.20 2059 
38.22 2049 
38.24 1924 
38.26 1611 
38.28 1368 
38.30 1076 
38.32 840 
38.34 660 
38.36 444 
38.38 292 
38.40 181 
38.42 118 
38.44 69 
38.46 76 
38.48 42 
38.50 42 
38.52 56 
38.54 90 
38.56 21 
38.58 14 
38.60 21 
38.62 21 
38.64 14 
38.66 21 
38.68 14 
38.70 21 
38.72 14 
38.74 7 
38.76 14 
38.78 14 
38.80 21 
38.82 14 
38.84 21 
38.86 21 
38.88 7 
38.90 28 
38.92 7 
38.94 7 
38.96 7 
38.98 14 
39.00 21 
39.02 7 
39.04 14 
39.06 14 
39.08 21 
39.10 21 
39.12 21 
39.14 7 
39.16 14 
39.18 21 
39.20 14 
39.22 21 
39.24 21 
39.26 14 
39.28 28 
39.30 7 
39.32 7 
39.34 28 
39.36 28 
39.38 21 
39.40 21 
39.42 14 
39.44 7 
39.46 7 
39.48 7 
39.50 21 
39.52 21 
39.54 21 
39.56 21 
39.58 35 
39.60 35 
39.62 14 
39.64 21 
39.66 21 
39.68 21 
39.70 14 
39.72 14 
39.74 7 
39.76 7 
39.78 7 
39.80 21 
39.82 21 
39.84 21 
39.86 14 
39.88 28 
39.90 21 
39.92 14 
39.94 21 
39.96 21 
39.98 21 
40.00 7 
40.02 21 
40.04 14 
40.06 7 
40.08 14 
40.10 7 
40.12 21 
40.14 21 
40.16 28 
40.18 7 
40.20 14 
40.22 7 
40.24 14 
40.26 28 
40.28 35 
40.30 21 
40.32 14 
40.34 28 
40.36 42 
40.38 14 
40.40 14 
40.42 21 
40.44 14 
40.46 7 
40.48 14 
40.50 7 
40.52 21 
40.54 7 
40.56 28 
40.58 7 
40.60 28 
40.62 28 
40.64 14 
40.66 14 
40.68 7 
40.70 28 
40.72 7 
40.74 14 
40.76 14 
40.78 14 
40.80 14 
40.82 14 
40.84 14 
40.86 14 
40.88 14 
40.90 14 
40.92 14 
40.94 21 
40.96 14 
40.98 7 
41.00 14 
41.02 14 
41.04 14 
41.06 7 
41.08 7 
41.10 7 
41.12 7 
41.14 7 
41.16 7 
41.18 14 
41.20 7 
41.22 7 
41.24 14 
41.26 21 
41.28 21 
41.30 21 
41.32 14 
41.34 7 
41.36 7 
41.38 7 
41.40 14 
41.42 14 
41.44 14 
41.46 28 
41.48 28 
41.50 7 
41.52 14 
41.54 21 
41.56 7 
41.58 7 
41.60 14 
41.62 14 
41.64 14 
41.66 7 
41.68 7 
41.70 7 
41.72 21 
41.74 21 
41.76 7 
41.78 7 
41.80 14 
41.82 21 
41.84 7 
41.86 21 
41.88 14 
41.90 14 
41.92 14 
41.94 14 
41.96 14 
41.98 14 
42.00 14 
42.02 7 
42.04 14 
42.06 14 
42.08 21 
42.10 21 
42.12 14 
42.14 14 
42.16 7 
42.18 21 
42.20 7 
42.22 7 
42.24 21 
42.26 14 
42.28 14 
42.30 28 
42.32 14 
42.34 14 
42.36 14 
42.38 14 
42.40 28 
42.42 7 
42.44 7 
42.46 7 
42.48 7 
42.50 14 
42.52 7 
42.54 14 
42.56 7 
42.58 7 
42.60 21 
42.62 28 
42.64 28 
42.66 14 
42.68 14 
42.70 21 
42.72 7 
42.74 14 
42.76 28 
42.78 28 
42.80 28 
42.82 28 
42.84 14 
42.86 14 
42.88 7 
42.90 35 
42.92 14 
42.94 14 
42.96 21 
42.98 14 
43.00 7 
43.02 7 
43.04 28 
43.06 28 
43.08 7 
43.10 35 
43.12 14 
43.14 7 
43.16 28 
43.18 14 
43.20 21 
43.22 28 
43.24 7 
43.26 42 
43.28 42 
43.30 28 
43.32 14 
43.34 21 
43.36 21 
43.38 35 
43.40 28 
43.42 7 
43.44 14 
43.46 7 
43.48 35 
43.50 14 
43.52 7 
43.54 14 
43.56 21 
43.58 7 
43.60 28 
43.62 28 
43.64 28 
43.66 28 
43.68 35 
43.70 7 
43.72 14 
43.74 14 
43.76 14 
43.78 7 
43.80 49 
43.82 14 
43.84 21 
43.86 7 
43.88 28 
43.90 35 
43.92 21 
43.94 14 
43.96 14 
43.98 21 
44.00 14 
44.02 14 
44.04 35 
44.06 21 
44.08 21 
44.10 35 
44.12 28 
44.14 49 
44.16 28 
44.18 49 
44.20 62 
44.22 42 
44.24 76 
44.26 111 
44.28 132 
44.30 167 
44.32 326 
44.34 340 
44.36 486 
44.38 743 
44.40 861 
44.42 993 
44.44 1062 
44.46 1049 
44.48 868 
44.50 819 
44.52 840 
44.54 715 
44.56 542 
44.58 472 
44.60 472 
44.62 243 
44.64 215 
44.66 90 
44.68 56 
44.70 69 
44.72 76 
44.74 21 
44.76 21 
44.78 21 
44.80 7 
44.82 7 
44.84 42 
44.86 42 
44.88 14 
44.90 7 
44.92 7 
44.94 7 
44.96 7 
44.98 14 
45.00 21 
45.02 7 
45.04 7 
45.06 21 
45.08 7 
45.10 7 
45.12 7 
45.14 35 
45.16 35 
45.18 14 
45.20 7 
45.22 21 
45.24 7 
45.26 7 
45.28 7 
45.30 21 
45.32 21 
45.34 21 
45.36 14 
45.38 7 
45.40 7 
45.42 14 
45.44 28 
45.46 7 
45.48 21 
45.50 21 
45.52 7 
45.54 7 
45.56 7 
45.58 21 
45.60 7 
45.62 21 
45.64 7 
45.66 7 
45.68 7 
45.70 7 
45.72 14 
45.74 14 
45.76 7 
45.78 7 
45.80 14 
45.82 14 
45.84 7 
45.86 21 
45.88 14 
45.90 28 
45.92 7 
45.94 7 
45.96 7 
45.98 21 
46.00 7 
46.02 7 
46.04 7 
46.06 7 
46.08 7 
46.10 7 
46.12 14 
46.14 7 
46.16 7 
46.18 7 
46.20 7 
46.22 7 
46.24 7 
46.26 7 
46.28 14 
46.30 14 
46.32 14 
46.34 14 
46.36 14 
46.38 7 
46.40 7 
46.42 14 
46.44 14 
46.46 7 
46.48 7 
46.50 7 
46.52 14 
46.54 14 
46.56 14 
46.58 14 
46.60 7 
46.62 7 
46.64 14 
46.66 14 
46.68 14 
46.70 7 
46.72 7 
46.74 7 
46.76 21 
46.78 21 
46.80 21 
46.82 7 
46.84 14 
46.86 7 
46.88 7 
46.90 28 
46.92 7 
46.94 7 
46.96 7 
46.98 7 
47.00 14 
47.02 14 
47.04 14 
47.06 14 
47.08 14 
47.10 14 
47.12 7 
47.14 7 
47.16 7 
47.18 7 
47.20 7 
47.22 7 
47.24 7 
47.26 7 
47.28 14 
47.30 28 
47.32 28 
47.34 28 
47.36 7 
47.38 14 
47.40 7 
47.42 14 
47.44 14 
47.46 7 
47.48 14 
47.50 14 
47.52 14 
47.54 14 
47.56 14 
47.58 14 
47.60 7 
47.62 7 
47.64 7 
47.66 7 
47.68 7 
47.70 7 
47.72 7 
47.74 7 
47.76 7 
47.78 7 
47.80 14 
47.82 14 
47.84 7 
47.86 14 
47.88 14 
47.90 14 
47.92 7 
47.94 7 
47.96 14 
47.98 21 
48.00 7 
48.02 7 
48.04 7 
48.06 7 
48.08 7 
48.10 7 
48.12 7 
48.14 7 
48.16 28 
48.18 21 
48.20 21 
48.22 21 
48.24 21 
48.26 21 
48.28 7 
48.30 7 
48.32 7 
48.34 14 
48.36 14 
48.38 7 
48.40 7 
48.42 7 
48.44 7 
48.46 7 
48.48 28 
48.50 21 
48.52 7 
48.54 7 
48.56 7 
48.58 7 
48.60 7 
48.62 7 
48.64 7 
48.66 7 
48.68 7 
48.70 7 
48.72 7 
48.74 14 
48.76 14 
48.78 14 
48.80 14 
48.82 14 
48.84 14 
48.86 14 
48.88 14 
48.90 21 
48.92 21 
48.94 14 
48.96 7 
48.98 7 
49.00 7 
49.02 7 
49.04 7 
49.06 7 
49.08 7 
49.10 7 
49.12 21 
49.14 21 
49.16 7 
49.18 7 
49.20 7 
49.22 7 
49.24 7 
49.26 21 
49.28 7 
49.30 7 
49.32 7 
49.34 7 
49.36 35 
49.38 35 
49.40 14 
49.42 7 
49.44 21 
49.46 14 
49.48 14 
49.50 14 
49.52 14 
49.54 14 
49.56 7 
49.58 21 
49.60 7 
49.62 7 
49.64 7 
49.66 7 
49.68 7 
49.70 7 
49.72 14 
49.74 14 
49.76 14 
49.78 7 
49.80 7 
49.82 7 
49.84 7 
49.86 21 
49.88 21 
49.90 21 
49.92 7 
49.94 7 
49.96 7 
49.98 7 
50.00 7 
50.02 7 
50.04 7 
50.06 7 
50.08 7 
50.10 7 
50.12 7 
50.14 14 
50.16 7 
50.18 7 
50.20 7 
50.22 7 
50.24 21 
50.26 21 
50.28 21 
50.30 7 
50.32 7 
50.34 7 
50.36 14 
50.38 14 
50.40 14 
50.42 7 
50.44 14 
50.46 28 
50.48 28 
50.50 14 
50.52 14 
50.54 14 
50.56 14 
50.58 21 
50.60 7 
50.62 14 
50.64 7 
50.66 21 
50.68 14 
50.70 14 
50.72 7 
50.74 7 
50.76 21 
50.78 21 
50.80 14 
50.82 14 
50.84 7 
50.86 14 
50.88 14 
50.90 14 
50.92 7 
50.94 14 
50.96 14 
50.98 14 
51.00 7 
51.02 14 
51.04 14 
51.06 14 
51.08 7 
51.10 14 
51.12 14 
51.14 21 
51.16 21 
51.18 14 
51.20 14 
51.22 14 
51.24 21 
51.26 28 
51.28 7 
51.30 7 
51.32 7 
51.34 7 
51.36 14 
51.38 7 
51.40 7 
51.42 21 
51.44 21 
51.46 7 
51.48 7 
51.50 7 
51.52 7 
51.54 7 
51.56 14 
51.58 7 
51.60 14 
51.62 14 
51.64 7 
51.66 7 
51.68 7 
51.70 14 
51.72 14 
51.74 14 
51.76 7 
51.78 7 
51.80 28 
51.82 14 
51.84 14 
51.86 7 
51.88 14 
51.90 14 
51.92 14 
51.94 14 
51.96 21 
51.98 7 
52.00 7 
52.02 21 
52.04 21 
52.06 21 
52.08 14 
52.10 21 
52.12 21 
52.14 21 
52.16 21 
52.18 7 
52.20 14 
52.22 7 
52.24 7 
52.26 14 
52.28 7 
52.30 28 
52.32 7 
52.34 7 
52.36 14 
52.38 28 
52.40 28 
52.42 7 
52.44 14 
52.46 7 
52.48 7 
52.50 7 
52.52 14 
52.54 7 
52.56 7 
52.58 21 
52.60 21 
52.62 21 
52.64 28 
52.66 14 
52.68 21 
52.70 21 
52.72 7 
52.74 7 
52.76 7 
52.78 7 
52.80 7 
52.82 14 
52.84 35 
52.86 7 
52.88 7 
52.90 7 
52.92 21 
52.94 7 
52.96 21 
52.98 21 
53.00 21 
53.02 7 
53.04 7 
53.06 7 
53.08 7 
53.10 14 
53.12 14 
53.14 14 
53.16 7 
53.18 14 
53.20 7 
53.22 7 
53.24 28 
53.26 28 
53.28 28 
53.30 21 
53.32 21 
53.34 14 
53.36 14 
53.38 14 
53.40 14 
53.42 14 
53.44 14 
53.46 7 
53.48 7 
53.50 21 
53.52 21 
53.54 14 
53.56 7 
53.58 7 
53.60 7 
53.62 7 
53.64 7 
53.66 7 
53.68 7 
53.70 21 
53.72 7 
53.74 7 
53.76 7 
53.78 7 
53.80 7 
53.82 7 
53.84 7 
53.86 7 
53.88 14 
53.90 14 
53.92 14 
53.94 14 
53.96 7 
53.98 7 
54.00 7 
54.02 7 
54.04 7 
54.06 14 
54.08 14 
54.10 7 
54.12 7 
54.14 7 
54.16 7 
54.18 21 
54.20 7 
54.22 21 
54.24 7 
54.26 7 
54.28 7 
54.30 7 
54.32 7 
54.34 14 
54.36 14 
54.38 7 
54.40 14 
54.42 14 
54.44 14 
54.46 7 
54.48 7 
54.50 14 
54.52 14 
54.54 7 
54.56 7 
54.58 14 
54.60 7 
54.62 7 
54.64 14 
54.66 7 
54.68 7 
54.70 7 
54.72 7 
54.74 7 
54.76 14 
54.78 14 
54.80 7 
54.82 7 
54.84 7 
54.86 7 
54.88 7 
54.90 7 
54.92 7 
54.94 7 
54.96 7 
54.98 7 
55.00 7 
55.02 7 
55.04 21 
55.06 7 
55.08 7 
55.10 7 
55.12 14 
55.14 7 
55.16 7 
55.18 14 
55.20 14 
55.22 14 
55.24 14 
55.26 28 
55.28 28 
55.30 7 
55.32 7 
55.34 14 
55.36 7 
55.38 7 
55.40 7 
55.42 7 
55.44 14 
55.46 14 
55.48 7 
55.50 7 
55.52 14 
55.54 14 
55.56 14 
55.58 14 
55.60 7 
55.62 7 
55.64 7 
55.66 7 
55.68 7 
55.70 7 
55.72 7 
55.74 7 
55.76 7 
55.78 7 
55.80 7 
55.82 7 
55.84 7 
55.86 14 
55.88 14 
55.90 7 
55.92 7 
55.94 7 
55.96 7 
55.98 14 
56.00 7 
56.02 14 
56.04 14 
56.06 14 
56.08 14 
56.10 7 
56.12 7 
56.14 7 
56.16 7 
56.18 7 
56.20 7 
56.22 7 
56.24 7 
56.26 14 
56.28 14 
56.30 14 
56.32 7 
56.34 7 
56.36 7 
56.38 14 
56.40 21 
56.42 21 
56.44 21 
56.46 21 
56.48 14 
56.50 14 
56.52 14 
56.54 7 
56.56 7 
56.58 7 
56.60 7 
56.62 7 
56.64 7 
56.66 7 
56.68 7 
56.70 7 
56.72 7 
56.74 21 
56.76 7 
56.78 7 
56.80 7 
56.82 7 
56.84 7 
56.86 7 
56.88 7 
56.90 7 
56.92 14 
56.94 14 
56.96 7 
56.98 7 
57.00 7 
57.02 14 
57.04 14 
57.06 14 
57.08 14 
57.10 14 
57.12 14 
57.14 14 
57.16 14 
57.18 7 
57.20 7 
57.22 7 
57.24 14 
57.26 28 
57.28 7 
57.30 7 
57.32 7 
57.34 21 
57.36 7 
57.38 7 
57.40 7 
57.42 21 
57.44 7 
57.46 7 
57.48 7 
57.50 7 
57.52 7 
57.54 7 
57.56 14 
57.58 14 
57.60 14 
57.62 7 
57.64 7 
57.66 7 
57.68 7 
57.70 7 
57.72 7 
57.74 7 
57.76 7 
57.78 7 
57.80 14 
57.82 7 
57.84 7 
57.86 14 
57.88 14 
57.90 14 
57.92 7 
57.94 7 
57.96 7 
57.98 7 
58.00 7 
58.02 7 
58.04 7 
58.06 7 
58.08 7 
58.10 7 
58.12 7 
58.14 7 
58.16 7 
58.18 7 
58.20 7 
58.22 7 
58.24 7 
58.26 7 
58.28 7 
58.30 7 
58.32 7 
58.34 7 
58.36 14 
58.38 14 
58.40 7 
58.42 21 
58.44 21 
58.46 14 
58.48 7 
58.50 7 
58.52 21 
58.54 7 
58.56 7 
58.58 7 
58.60 7 
58.62 7 
58.64 7 
58.66 28 
58.68 28 
58.70 28 
58.72 28 
58.74 7 
58.76 7 
58.78 14 
58.80 28 
58.82 14 
58.84 14 
58.86 14 
58.88 28 
58.90 7 
58.92 7 
58.94 7 
58.96 14 
58.98 14 
59.00 7 
59.02 7 
59.04 7 
59.06 7 
59.08 7 
59.10 7 
59.12 7 
59.14 7 
59.16 14 
59.18 14 
59.20 7 
59.22 7 
59.24 7 
59.26 7 
59.28 7 
59.30 7 
59.32 7 
59.34 7 
59.36 7 
59.38 7 
59.40 7 
59.42 14 
59.44 14 
59.46 14 
59.48 7 
59.50 7 
59.52 7 
59.54 14 
59.56 7 
59.58 7 
59.60 7 
59.62 28 
59.64 21 
59.66 21 
59.68 21 
59.70 21 
59.72 21 
59.74 21 
59.76 7 
59.78 7 
59.80 7 
59.82 7 
59.84 14 
59.86 7 
59.88 14 
59.90 7 
59.92 14 
59.94 7 
59.96 7 
59.98 7 
60.00 7 
60.02 7 
60.04 14 
60.06 14 
60.08 7 
60.10 7 
60.12 7 
60.14 7 
60.16 7 
60.18 14 
60.20 7 
60.22 7 
60.24 7 
60.26 7 
60.28 14 
60.30 7 
60.32 7 
60.34 7 
60.36 21 
60.38 21 
60.40 21 
60.42 21 
60.44 7 
60.46 7 
60.48 7 
60.50 7 
60.52 7 
60.54 7 
60.56 7 
60.58 7 
60.60 7 
60.62 7 
60.64 7 
60.66 7 
60.68 7 
60.70 7 
60.72 7 
60.74 7 
60.76 7 
60.78 14 
60.80 14 
60.82 14 
60.84 14 
60.86 14 
60.88 14 
60.90 14 
60.92 14 
60.94 7 
60.96 7 
60.98 7 
61.00 7 
61.02 7 
61.04 7 
61.06 14 
61.08 14 
61.10 14 
61.12 14 
61.14 14 
61.16 14 
61.18 14 
61.20 14 
61.22 14 
61.24 14 
61.26 14 
61.28 14 
61.30 14 
61.32 14 
61.34 14 
61.36 7 
61.38 7 
61.40 7 
61.42 14 
61.44 7 
61.46 7 
61.48 7 
61.50 7 
61.52 7 
61.54 7 
61.56 7 
61.58 7 
61.60 7 
61.62 14 
61.64 14 
61.66 14 
61.68 7 
61.70 14 
61.72 7 
61.74 7 
61.76 7 
61.78 7 
61.80 7 
61.82 7 
61.84 7 
61.86 7 
61.88 7 
61.90 14 
61.92 7 
61.94 7 
61.96 14 
61.98 14 
62.00 7 
62.02 14 
62.04 14 
62.06 7 
62.08 7 
62.10 7 
62.12 14 
62.14 7 
62.16 7 
62.18 7 
62.20 14 
62.22 14 
62.24 14 
62.26 7 
62.28 7 
62.30 14 
62.32 14 
62.34 21 
62.36 7 
62.38 7 
62.40 14 
62.42 7 
62.44 14 
62.46 7 
62.48 7 
62.50 7 
62.52 35 
62.54 35 
62.56 14 
62.58 14 
62.60 14 
62.62 7 
62.64 14 
62.66 7 
62.68 7 
62.70 14 
62.72 21 
62.74 21 
62.76 21 
62.78 28 
62.80 7 
62.82 7 
62.84 7 
62.86 7 
62.88 7 
62.90 21 
62.92 14 
62.94 7 
62.96 14 
62.98 7 
63.00 7 
63.02 7 
63.04 14 
63.06 21 
63.08 14 
63.10 14 
63.12 14 
63.14 7 
63.16 14 
63.18 14 
63.20 28 
63.22 28 
63.24 28 
63.26 14 
63.28 7 
63.30 7 
63.32 7 
63.34 21 
63.36 21 
63.38 7 
63.40 7 
63.42 7 
63.44 7 
63.46 14 
63.48 14 
63.50 14 
63.52 14 
63.54 14 
63.56 28 
63.58 35 
63.60 28 
63.62 14 
63.64 35 
63.66 7 
63.68 7 
63.70 14 
63.72 28 
63.74 28 
63.76 14 
63.78 14 
63.80 28 
63.82 14 
63.84 28 
63.86 21 
63.88 28 
63.90 7 
63.92 14 
63.94 14 
63.96 7 
63.98 7 
64.00 21 
64.02 21 
64.04 28 
64.06 14 
64.08 7 
64.10 21 
64.12 7 
64.14 56 
64.16 7 
64.18 7 
64.20 14 
64.22 28 
64.24 14 
64.26 14 
64.28 21 
64.30 21 
64.32 28 
64.34 14 
64.36 7 
64.38 28 
64.40 21 
64.42 21 
64.44 28 
64.46 21 
64.48 14 
64.50 28 
64.52 42 
64.54 49 
64.56 69 
64.58 21 
64.60 28 
64.62 49 
64.64 76 
64.66 62 
64.68 167 
64.70 104 
64.72 222 
64.74 285 
64.76 299 
64.78 444 
64.80 507 
64.82 496 
64.84 486 
64.86 438 
64.88 438 
64.90 299 
64.92 236 
64.94 222 
64.96 208 
64.98 174 
65.00 174 
65.02 174 
65.04 208 
65.06 139 
65.08 146 
65.10 76 
65.12 125 
65.14 35 
65.16 28 
65.18 14 
65.20 49 
65.22 21 
65.24 35 
65.26 21 
65.28 14 
65.30 28 
65.32 7 
65.34 7 
65.36 14 
65.38 14 
65.40 14 
65.42 21 
65.44 21 
65.46 21 
65.48 21 
65.50 21 
65.52 21 
65.54 21 
65.56 7 
65.58 7 
65.60 14 
65.62 14 
65.64 7 
65.66 14 
65.68 7 
65.70 21 
65.72 14 
65.74 7 
65.76 7 
65.78 7 
65.80 7 
65.82 7 
65.84 7 
65.86 7 
65.88 7 
65.90 7 
65.92 7 
65.94 7 
65.96 7 
65.98 21 
66.00 21 
66.02 21 
66.04 21 
66.06 14 
66.08 14 
66.10 14 
66.12 14 
66.14 14 
66.16 7 
66.18 7 
66.20 7 
66.22 7 
66.24 7 
66.26 14 
66.28 14 
66.30 14 
66.32 14 
66.34 14 
66.36 35 
66.38 35 
66.40 7 
66.42 14 
66.44 7 
66.46 7 
66.48 14 
66.50 14 
66.52 7 
66.54 7 
66.56 7 
66.58 7 
66.60 7 
66.62 21 
66.64 14 
66.66 14 
66.68 14 
66.70 14 
66.72 14 
66.74 7 
66.76 7 
66.78 7 
66.80 7 
66.82 21 
66.84 7 
66.86 7 
66.88 7 
66.90 21 
66.92 21 
66.94 7 
66.96 7 
66.98 7 
67.00 7 
67.02 7 
67.04 7 
67.06 7 
67.08 21 
67.10 21 
67.12 21 
67.14 7 
67.16 7 
67.18 7 
67.20 7 
67.22 7 
67.24 7 
67.26 14 
67.28 14 
67.30 7 
67.32 7 
67.34 21 
67.36 21 
67.38 14 
67.40 21 
67.42 7 
67.44 7 
67.46 7 
67.48 14 
67.50 7 
67.52 7 
67.54 21 
67.56 21 
67.58 14 
67.60 7 
67.62 7 
67.64 7 
67.66 7 
67.68 7 
67.70 7 
67.72 7 
67.74 14 
67.76 7 
67.78 7 
67.80 7 
67.82 7 
67.84 7 
67.86 7 
67.88 7 
67.90 14 
67.92 7 
67.94 7 
67.96 7 
67.98 21 
68.00 21 
68.02 21 
68.04 21 
68.06 21 
68.08 7 
68.10 7 
68.12 7 
68.14 7 
68.16 7 
68.18 7 
68.20 7 
68.22 7 
68.24 7 
68.26 14 
68.28 28 
68.30 7 
68.32 7 
68.34 21 
68.36 21 
68.38 21 
68.40 14 
68.42 14 
68.44 7 
68.46 7 
68.48 7 
68.50 7 
68.52 14 
68.54 14 
68.56 14 
68.58 7 
68.60 7 
68.62 14 
68.64 14 
68.66 7 
68.68 14 
68.70 14 
68.72 7 
68.74 7 
68.76 7 
68.78 14 
68.80 14 
68.82 7 
68.84 7 
68.86 7 
68.88 7 
68.90 7 
68.92 7 
68.94 7 
68.96 14 
68.98 14 
69.00 14 
69.02 7 
69.04 14 
69.06 7 
69.08 7 
69.10 7 
69.12 7 
69.14 7 
69.16 7 
69.18 7 
69.20 7 
69.22 7 
69.24 7 
69.26 7 
69.28 7 
69.30 14 
69.32 14 
69.34 14 
69.36 14 
69.38 7 
69.40 7 
69.42 7 
69.44 7 
69.46 7 
69.48 7 
69.50 7 
69.52 7 
69.54 7 
69.56 7 
69.58 14 
69.60 7 
69.62 7 
69.64 7 
69.66 7 
69.68 7 
69.70 14 
69.72 14 
69.74 14 
69.76 7 
69.78 14 
69.80 7 
69.82 7 
69.84 7 
69.86 7 
69.88 7 
69.90 7 
69.92 7 
69.94 7 
69.96 7 
69.98 14 
