实验日期:2022-3-16
文件名:d:\我的文档\桌面\jwf\CaCO3.TXT
样品名:CaCO3
实验者: 
起始角= 20 
终止角= 70 
步宽= .02 
波长=1.5406
 30 kV,  15 mA
20.00 7 
20.02 7 
20.04 7 
20.06 7 
20.08 7 
20.10 7 
20.12 7 
20.14 7 
20.16 7 
20.18 14 
20.20 7 
20.22 7 
20.24 14 
20.26 7 
20.28 7 
20.30 14 
20.32 7 
20.34 14 
20.36 7 
20.38 21 
20.40 7 
20.42 7 
20.44 7 
20.46 7 
20.48 7 
20.50 7 
20.52 14 
20.54 14 
20.56 14 
20.58 14 
20.60 14 
20.62 14 
20.64 14 
20.66 14 
20.68 7 
20.70 14 
20.72 21 
20.74 21 
20.76 21 
20.78 21 
20.80 21 
20.82 21 
20.84 7 
20.86 7 
20.88 14 
20.90 14 
20.92 21 
20.94 21 
20.96 14 
20.98 14 
21.00 14 
21.02 14 
21.04 14 
21.06 7 
21.08 7 
21.10 14 
21.12 14 
21.14 7 
21.16 28 
21.18 14 
21.20 7 
21.22 7 
21.24 7 
21.26 14 
21.28 14 
21.30 14 
21.32 14 
21.34 14 
21.36 21 
21.38 14 
21.40 21 
21.42 14 
21.44 14 
21.46 7 
21.48 21 
21.50 7 
21.52 21 
21.54 21 
21.56 14 
21.58 14 
21.60 14 
21.62 7 
21.64 14 
21.66 14 
21.68 14 
21.70 14 
21.72 14 
21.74 14 
21.76 7 
21.78 14 
21.80 14 
21.82 7 
21.84 7 
21.86 7 
21.88 14 
21.90 14 
21.92 7 
21.94 14 
21.96 14 
21.98 14 
22.00 7 
22.02 7 
22.04 7 
22.06 14 
22.08 14 
22.10 7 
22.12 7 
22.14 21 
22.16 7 
22.18 7 
22.20 14 
22.22 7 
22.24 7 
22.26 7 
22.28 21 
22.30 14 
22.32 7 
22.34 14 
22.36 21 
22.38 21 
22.40 21 
22.42 21 
22.44 7 
22.46 21 
22.48 7 
22.50 7 
22.52 21 
22.54 21 
22.56 7 
22.58 7 
22.60 21 
22.62 28 
22.64 14 
22.66 7 
22.68 21 
22.70 14 
22.72 14 
22.74 7 
22.76 28 
22.78 21 
22.80 28 
22.82 42 
22.84 83 
22.86 62 
22.88 62 
22.90 83 
22.92 69 
22.94 90 
22.96 76 
22.98 125 
23.00 153 
23.02 104 
23.04 69 
23.06 69 
23.08 28 
23.10 21 
23.12 49 
23.14 7 
23.16 56 
23.18 35 
23.20 21 
23.22 28 
23.24 21 
23.26 7 
23.28 14 
23.30 21 
23.32 14 
23.34 28 
23.36 28 
23.38 7 
23.40 7 
23.42 7 
23.44 7 
23.46 7 
23.48 7 
23.50 7 
23.52 7 
23.54 7 
23.56 14 
23.58 14 
23.60 14 
23.62 7 
23.64 7 
23.66 14 
23.68 14 
23.70 21 
23.72 14 
23.74 21 
23.76 7 
23.78 7 
23.80 7 
23.82 7 
23.84 7 
23.86 7 
23.88 14 
23.90 21 
23.92 21 
23.94 21 
23.96 14 
23.98 7 
24.00 7 
24.02 7 
24.04 7 
24.06 7 
24.08 7 
24.10 7 
24.12 7 
24.14 7 
24.16 28 
24.18 7 
24.20 14 
24.22 14 
24.24 14 
24.26 7 
24.28 7 
24.30 7 
24.32 7 
24.34 7 
24.36 14 
24.38 14 
24.40 7 
24.42 7 
24.44 14 
24.46 7 
24.48 7 
24.50 28 
24.52 21 
24.54 7 
24.56 7 
24.58 7 
24.60 7 
24.62 7 
24.64 14 
24.66 7 
24.68 7 
24.70 7 
24.72 7 
24.74 14 
24.76 7 
24.78 7 
24.80 7 
24.82 7 
24.84 7 
24.86 7 
24.88 14 
24.90 14 
24.92 7 
24.94 7 
24.96 7 
24.98 14 
25.00 7 
25.02 7 
25.04 21 
25.06 21 
25.08 7 
25.10 7 
25.12 7 
25.14 14 
25.16 14 
25.18 14 
25.20 7 
25.22 7 
25.24 7 
25.26 14 
25.28 7 
25.30 14 
25.32 7 
25.34 7 
25.36 7 
25.38 14 
25.40 14 
25.42 14 
25.44 14 
25.46 14 
25.48 14 
25.50 14 
25.52 7 
25.54 14 
25.56 14 
25.58 14 
25.60 7 
25.62 7 
25.64 7 
25.66 21 
25.68 21 
25.70 7 
25.72 21 
25.74 21 
25.76 21 
25.78 21 
25.80 14 
25.82 14 
25.84 14 
25.86 14 
25.88 7 
25.90 14 
25.92 14 
25.94 7 
25.96 7 
25.98 14 
26.00 14 
26.02 14 
26.04 7 
26.06 7 
26.08 14 
26.10 14 
26.12 14 
26.14 14 
26.16 14 
26.18 7 
26.20 7 
26.22 21 
26.24 28 
26.26 7 
26.28 14 
26.30 14 
26.32 7 
26.34 7 
26.36 7 
26.38 14 
26.40 14 
26.42 14 
26.44 7 
26.46 7 
26.48 7 
26.50 14 
26.52 7 
26.54 7 
26.56 21 
26.58 21 
26.60 21 
26.62 21 
26.64 21 
26.66 7 
26.68 7 
26.70 7 
26.72 7 
26.74 7 
26.76 7 
26.78 7 
26.80 14 
26.82 21 
26.84 21 
26.86 14 
26.88 7 
26.90 7 
26.92 14 
26.94 14 
26.96 7 
26.98 7 
27.00 7 
27.02 14 
27.04 14 
27.06 14 
27.08 7 
27.10 21 
27.12 28 
27.14 28 
27.16 7 
27.18 14 
27.20 14 
27.22 14 
27.24 14 
27.26 7 
27.28 7 
27.30 28 
27.32 7 
27.34 21 
27.36 21 
27.38 21 
27.40 7 
27.42 14 
27.44 7 
27.46 7 
27.48 7 
27.50 14 
27.52 7 
27.54 7 
27.56 14 
27.58 14 
27.60 28 
27.62 21 
27.64 21 
27.66 14 
27.68 14 
27.70 28 
27.72 7 
27.74 7 
27.76 21 
27.78 7 
27.80 7 
27.82 14 
27.84 7 
27.86 14 
27.88 14 
27.90 7 
27.92 14 
27.94 14 
27.96 14 
27.98 21 
28.00 7 
28.02 35 
28.04 14 
28.06 7 
28.08 21 
28.10 21 
28.12 28 
28.14 14 
28.16 7 
28.18 21 
28.20 21 
28.22 21 
28.24 21 
28.26 28 
28.28 35 
28.30 35 
28.32 14 
28.34 21 
28.36 7 
28.38 21 
28.40 21 
28.42 21 
28.44 35 
28.46 21 
28.48 56 
28.50 28 
28.52 14 
28.54 14 
28.56 28 
28.58 35 
28.60 56 
28.62 21 
28.64 56 
28.66 21 
28.68 56 
28.70 28 
28.72 35 
28.74 35 
28.76 69 
28.78 49 
28.80 42 
28.82 97 
28.84 49 
28.86 69 
28.88 35 
28.90 76 
28.92 14 
28.94 69 
28.96 62 
28.98 90 
29.00 56 
29.02 56 
29.04 104 
29.06 104 
29.08 132 
29.10 257 
29.12 333 
29.14 306 
29.16 326 
29.18 333 
29.20 507 
29.22 743 
29.24 819 
29.26 806 
29.28 979 
29.30 903 
29.32 938 
29.34 1042 
29.36 868 
29.38 903 
29.40 729 
29.42 667 
29.44 368 
29.46 292 
29.48 312 
29.50 215 
29.52 153 
29.54 111 
29.56 132 
29.58 90 
29.60 90 
29.62 49 
29.64 83 
29.66 90 
29.68 42 
29.70 49 
29.72 14 
29.74 28 
29.76 21 
29.78 21 
29.80 35 
29.82 28 
29.84 35 
29.86 21 
29.88 21 
29.90 14 
29.92 28 
29.94 28 
29.96 7 
29.98 14 
30.00 28 
30.02 35 
30.04 42 
30.06 14 
30.08 7 
30.10 28 
30.12 21 
30.14 14 
30.16 21 
30.18 14 
30.20 7 
30.22 14 
30.24 7 
30.26 7 
30.28 21 
30.30 7 
30.32 21 
30.34 28 
30.36 14 
30.38 21 
30.40 28 
30.42 21 
30.44 14 
30.46 7 
30.48 7 
30.50 7 
30.52 14 
30.54 14 
30.56 7 
30.58 14 
30.60 14 
30.62 21 
30.64 7 
30.66 7 
30.68 21 
30.70 14 
30.72 7 
30.74 7 
30.76 7 
30.78 21 
30.80 7 
30.82 7 
30.84 21 
30.86 21 
30.88 35 
30.90 21 
30.92 21 
30.94 7 
30.96 7 
30.98 14 
31.00 7 
31.02 7 
31.04 7 
31.06 14 
31.08 7 
31.10 7 
31.12 35 
31.14 35 
31.16 21 
31.18 14 
31.20 28 
31.22 35 
31.24 28 
31.26 35 
31.28 35 
31.30 21 
31.32 21 
31.34 7 
31.36 21 
31.38 35 
31.40 28 
31.42 28 
31.44 28 
31.46 14 
31.48 14 
31.50 14 
31.52 14 
31.54 21 
31.56 7 
31.58 7 
31.60 14 
31.62 14 
31.64 14 
31.66 14 
31.68 7 
31.70 21 
31.72 35 
31.74 35 
31.76 35 
31.78 7 
31.80 28 
31.82 7 
31.84 14 
31.86 14 
31.88 7 
31.90 7 
31.92 7 
31.94 7 
31.96 7 
31.98 7 
32.00 14 
32.02 14 
32.04 14 
32.06 7 
32.08 7 
32.10 7 
32.12 14 
32.14 14 
32.16 14 
32.18 14 
32.20 14 
32.22 14 
32.24 14 
32.26 14 
32.28 7 
32.30 7 
32.32 7 
32.34 7 
32.36 7 
32.38 14 
32.40 14 
32.42 14 
32.44 21 
32.46 14 
32.48 14 
32.50 14 
32.52 7 
32.54 7 
32.56 21 
32.58 21 
32.60 7 
32.62 14 
32.64 21 
32.66 7 
32.68 7 
32.70 7 
32.72 7 
32.74 21 
32.76 21 
32.78 14 
32.80 21 
32.82 21 
32.84 21 
32.86 21 
32.88 7 
32.90 21 
32.92 7 
32.94 7 
32.96 14 
32.98 14 
33.00 7 
33.02 7 
33.04 28 
33.06 7 
33.08 7 
33.10 14 
33.12 14 
33.14 7 
33.16 7 
33.18 21 
33.20 21 
33.22 14 
33.24 14 
33.26 21 
33.28 14 
33.30 7 
33.32 7 
33.34 7 
33.36 7 
33.38 21 
33.40 7 
33.42 21 
33.44 21 
33.46 7 
33.48 21 
33.50 14 
33.52 14 
33.54 14 
33.56 7 
33.58 14 
33.60 14 
33.62 7 
33.64 7 
33.66 35 
33.68 14 
33.70 14 
33.72 7 
33.74 7 
33.76 14 
33.78 7 
33.80 14 
33.82 42 
33.84 14 
33.86 21 
33.88 21 
33.90 14 
33.92 14 
33.94 7 
33.96 7 
33.98 7 
34.00 7 
34.02 7 
34.04 7 
34.06 7 
34.08 7 
34.10 7 
34.12 7 
34.14 21 
34.16 14 
34.18 21 
34.20 14 
34.22 14 
34.24 14 
34.26 7 
34.28 7 
34.30 7 
34.32 7 
34.34 7 
34.36 7 
34.38 7 
34.40 7 
34.42 7 
34.44 14 
34.46 7 
34.48 7 
34.50 7 
34.52 7 
34.54 7 
34.56 7 
34.58 14 
34.60 21 
34.62 14 
34.64 7 
34.66 7 
34.68 7 
34.70 7 
34.72 7 
34.74 7 
34.76 7 
34.78 7 
34.80 7 
34.82 7 
34.84 14 
34.86 7 
34.88 7 
34.90 7 
34.92 14 
34.94 14 
34.96 14 
34.98 14 
35.00 7 
35.02 7 
35.04 7 
35.06 21 
35.08 7 
35.10 14 
35.12 14 
35.14 7 
35.16 7 
35.18 35 
35.20 14 
35.22 14 
35.24 14 
35.26 7 
35.28 7 
35.30 7 
35.32 7 
35.34 7 
35.36 14 
35.38 14 
35.40 7 
35.42 14 
35.44 28 
35.46 14 
35.48 14 
35.50 14 
35.52 21 
35.54 7 
35.56 14 
35.58 14 
35.60 14 
35.62 35 
35.64 42 
35.66 42 
35.68 69 
35.70 76 
35.72 35 
35.74 69 
35.76 97 
35.78 83 
35.80 90 
35.82 83 
35.84 76 
35.86 69 
35.88 62 
35.90 104 
35.92 97 
35.94 76 
35.96 69 
35.98 83 
36.00 90 
36.02 90 
36.04 90 
36.06 28 
36.08 35 
36.10 35 
36.12 42 
36.14 28 
36.16 21 
36.18 35 
36.20 21 
36.22 14 
36.24 21 
36.26 14 
36.28 14 
36.30 14 
36.32 14 
36.34 7 
36.36 14 
36.38 21 
36.40 21 
36.42 35 
36.44 35 
36.46 28 
36.48 14 
36.50 14 
36.52 14 
36.54 7 
36.56 7 
36.58 7 
36.60 7 
36.62 7 
36.64 7 
36.66 14 
36.68 14 
36.70 14 
36.72 14 
36.74 7 
36.76 7 
36.78 7 
36.80 14 
36.82 14 
36.84 14 
36.86 21 
36.88 7 
36.90 7 
36.92 28 
36.94 14 
36.96 7 
36.98 7 
37.00 7 
37.02 7 
37.04 7 
37.06 7 
37.08 21 
37.10 7 
37.12 7 
37.14 7 
37.16 7 
37.18 14 
37.20 14 
37.22 7 
37.24 7 
37.26 7 
37.28 14 
37.30 14 
37.32 14 
37.34 14 
37.36 21 
37.38 21 
37.40 21 
37.42 7 
37.44 7 
37.46 7 
37.48 14 
37.50 21 
37.52 7 
37.54 7 
37.56 7 
37.58 7 
37.60 28 
37.62 7 
37.64 14 
37.66 14 
37.68 7 
37.70 14 
37.72 7 
37.74 14 
37.76 21 
37.78 14 
37.80 7 
37.82 7 
37.84 7 
37.86 7 
37.88 7 
37.90 14 
37.92 14 
37.94 14 
37.96 7 
37.98 14 
38.00 14 
38.02 14 
38.04 21 
38.06 14 
38.08 7 
38.10 7 
38.12 7 
38.14 14 
38.16 14 
38.18 14 
38.20 7 
38.22 21 
38.24 35 
38.26 35 
38.28 21 
38.30 21 
38.32 14 
38.34 7 
38.36 7 
38.38 7 
38.40 14 
38.42 14 
38.44 14 
38.46 7 
38.48 7 
38.50 7 
38.52 21 
38.54 21 
38.56 21 
38.58 21 
38.60 21 
38.62 7 
38.64 7 
38.66 14 
38.68 14 
38.70 14 
38.72 7 
38.74 7 
38.76 7 
38.78 7 
38.80 14 
38.82 7 
38.84 35 
38.86 14 
38.88 21 
38.90 21 
38.92 21 
38.94 7 
38.96 42 
38.98 14 
39.00 21 
39.02 56 
39.04 21 
39.06 28 
39.08 28 
39.10 28 
39.12 90 
39.14 49 
39.16 69 
39.18 139 
39.20 104 
39.22 100 
39.24 97 
39.26 181 
39.28 139 
39.30 181 
39.32 167 
39.34 153 
39.36 132 
39.38 146 
39.40 167 
39.42 153 
39.44 146 
39.46 97 
39.48 76 
39.50 83 
39.52 62 
39.54 35 
39.56 69 
39.58 21 
39.60 42 
39.62 28 
39.64 7 
39.66 14 
39.68 14 
39.70 28 
39.72 14 
39.74 14 
39.76 14 
39.78 14 
39.80 7 
39.82 7 
39.84 7 
39.86 7 
39.88 7 
39.90 7 
39.92 7 
39.94 7 
39.96 7 
39.98 7 
40.00 14 
40.02 7 
40.04 7 
40.06 7 
40.08 14 
40.10 14 
40.12 7 
40.14 7 
40.16 7 
40.18 7 
40.20 7 
40.22 7 
40.24 7 
40.26 7 
40.28 7 
40.30 7 
40.32 14 
40.34 14 
40.36 14 
40.38 7 
40.40 7 
40.42 7 
40.44 7 
40.46 7 
40.48 14 
40.50 14 
40.52 7 
40.54 7 
40.56 28 
40.58 28 
40.60 7 
40.62 7 
40.64 7 
40.66 14 
40.68 7 
40.70 14 
40.72 14 
40.74 7 
40.76 7 
40.78 7 
40.80 7 
40.82 7 
40.84 7 
40.86 7 
40.88 7 
40.90 7 
40.92 14 
40.94 21 
40.96 21 
40.98 7 
41.00 7 
41.02 7 
41.04 7 
41.06 7 
41.08 7 
41.10 7 
41.12 7 
41.14 7 
41.16 7 
41.18 7 
41.20 7 
41.22 14 
41.24 14 
41.26 7 
41.28 14 
41.30 14 
41.32 21 
41.34 21 
41.36 14 
41.38 7 
41.40 7 
41.42 7 
41.44 21 
41.46 14 
41.48 14 
41.50 7 
41.52 7 
41.54 7 
41.56 7 
41.58 7 
41.60 7 
41.62 7 
41.64 7 
41.66 7 
41.68 14 
41.70 7 
41.72 28 
41.74 28 
41.76 7 
41.78 7 
41.80 7 
41.82 14 
41.84 21 
41.86 21 
41.88 14 
41.90 7 
41.92 7 
41.94 7 
41.96 7 
41.98 7 
42.00 7 
42.02 7 
42.04 7 
42.06 7 
42.08 14 
42.10 7 
42.12 21 
42.14 7 
42.16 7 
42.18 21 
42.20 21 
42.22 7 
42.24 7 
42.26 7 
42.28 14 
42.30 7 
42.32 7 
42.34 7 
42.36 7 
42.38 7 
42.40 21 
42.42 21 
42.44 14 
42.46 14 
42.48 7 
42.50 7 
42.52 14 
42.54 14 
42.56 14 
42.58 14 
42.60 14 
42.62 7 
42.64 7 
42.66 14 
42.68 14 
42.70 7 
42.72 21 
42.74 14 
42.76 21 
42.78 14 
42.80 76 
42.82 42 
42.84 49 
42.86 56 
42.88 62 
42.90 14 
42.92 62 
42.94 125 
42.96 139 
42.98 90 
43.00 132 
43.02 139 
43.04 97 
43.06 167 
43.08 174 
43.10 160 
43.12 139 
43.14 132 
43.16 139 
43.18 76 
43.20 111 
43.22 111 
43.24 76 
43.26 56 
43.28 56 
43.30 35 
43.32 21 
43.34 35 
43.36 14 
43.38 21 
43.40 7 
43.42 14 
43.44 28 
43.46 7 
43.48 21 
43.50 7 
43.52 7 
43.54 7 
43.56 7 
43.58 28 
43.60 7 
43.62 7 
43.64 7 
43.66 14 
43.68 21 
43.70 7 
43.72 7 
43.74 28 
43.76 28 
43.78 14 
43.80 14 
43.82 14 
43.84 7 
43.86 7 
43.88 14 
43.90 14 
43.92 14 
43.94 21 
43.96 21 
43.98 14 
44.00 14 
44.02 7 
44.04 21 
44.06 7 
44.08 7 
44.10 7 
44.12 14 
44.14 7 
44.16 7 
44.18 14 
44.20 21 
44.22 14 
44.24 7 
44.26 7 
44.28 7 
44.30 7 
44.32 7 
44.34 7 
44.36 7 
44.38 7 
44.40 14 
44.42 14 
44.44 7 
44.46 7 
44.48 7 
44.50 7 
44.52 7 
44.54 7 
44.56 7 
44.58 7 
44.60 7 
44.62 14 
44.64 7 
44.66 14 
44.68 14 
44.70 14 
44.72 7 
44.74 7 
44.76 7 
44.78 7 
44.80 7 
44.82 7 
44.84 14 
44.86 21 
44.88 21 
44.90 7 
44.92 7 
44.94 7 
44.96 7 
44.98 7 
45.00 7 
45.02 7 
45.04 7 
45.06 7 
45.08 7 
45.10 7 
45.12 7 
45.14 14 
45.16 14 
45.18 7 
45.20 7 
45.22 7 
45.24 7 
45.26 7 
45.28 7 
45.30 7 
45.32 14 
45.34 14 
45.36 14 
45.38 14 
45.40 14 
45.42 14 
45.44 14 
45.46 14 
45.48 14 
45.50 14 
45.52 21 
45.54 7 
45.56 7 
45.58 7 
45.60 14 
45.62 14 
45.64 7 
45.66 7 
45.68 14 
45.70 21 
45.72 14 
45.74 14 
45.76 7 
45.78 7 
45.80 28 
45.82 21 
45.84 7 
45.86 7 
45.88 21 
45.90 21 
45.92 42 
45.94 14 
45.96 21 
45.98 35 
46.00 7 
46.02 14 
46.04 14 
46.06 14 
46.08 14 
46.10 14 
46.12 14 
46.14 14 
46.16 21 
46.18 21 
46.20 14 
46.22 21 
46.24 14 
46.26 28 
46.28 14 
46.30 14 
46.32 7 
46.34 7 
46.36 7 
46.38 7 
46.40 21 
46.42 21 
46.44 7 
46.46 14 
46.48 14 
46.50 14 
46.52 14 
46.54 14 
46.56 14 
46.58 21 
46.60 21 
46.62 7 
46.64 14 
46.66 14 
46.68 7 
46.70 7 
46.72 42 
46.74 21 
46.76 28 
46.78 28 
46.80 21 
46.82 21 
46.84 42 
46.86 28 
46.88 56 
46.90 35 
46.92 35 
46.94 21 
46.96 49 
46.98 62 
47.00 42 
47.02 111 
47.04 69 
47.06 42 
47.08 90 
47.10 76 
47.12 76 
47.14 49 
47.16 76 
47.18 83 
47.20 90 
47.22 104 
47.24 111 
47.26 56 
47.28 97 
47.30 125 
47.32 125 
47.34 146 
47.36 139 
47.38 132 
47.40 174 
47.42 160 
47.44 132 
47.46 167 
47.48 167 
47.50 97 
47.52 111 
47.54 76 
47.56 76 
47.58 76 
47.60 76 
47.62 69 
47.64 56 
47.66 21 
47.68 56 
47.70 49 
47.72 35 
47.74 42 
47.76 56 
47.78 7 
47.80 28 
47.82 14 
47.84 35 
47.86 7 
47.88 7 
47.90 28 
47.92 28 
47.94 28 
47.96 49 
47.98 21 
48.00 14 
48.02 7 
48.04 49 
48.06 35 
48.08 35 
48.10 21 
48.12 21 
48.14 69 
48.16 56 
48.18 28 
48.20 83 
48.22 56 
48.24 69 
48.26 76 
48.28 49 
48.30 62 
48.32 69 
48.34 111 
48.36 153 
48.38 125 
48.40 139 
48.42 132 
48.44 136 
48.46 139 
48.48 194 
48.50 111 
48.52 139 
48.54 69 
48.56 125 
48.58 104 
48.60 76 
48.62 97 
48.64 35 
48.66 69 
48.68 56 
48.70 56 
48.72 21 
48.74 14 
48.76 42 
48.78 7 
48.80 7 
48.82 14 
48.84 21 
48.86 21 
48.88 7 
48.90 14 
48.92 14 
48.94 14 
48.96 7 
48.98 21 
49.00 28 
49.02 28 
49.04 28 
49.06 7 
49.08 21 
49.10 21 
49.12 14 
49.14 21 
49.16 21 
49.18 14 
49.20 14 
49.22 14 
49.24 14 
49.26 14 
49.28 14 
49.30 7 
49.32 7 
49.34 14 
49.36 7 
49.38 7 
49.40 7 
49.42 14 
49.44 14 
49.46 14 
49.48 7 
49.50 7 
49.52 7 
49.54 21 
49.56 7 
49.58 14 
49.60 14 
49.62 14 
49.64 7 
49.66 7 
49.68 7 
49.70 7 
49.72 7 
49.74 7 
49.76 7 
49.78 7 
49.80 7 
49.82 7 
49.84 14 
49.86 21 
49.88 21 
49.90 7 
49.92 7 
49.94 7 
49.96 7 
49.98 14 
50.00 14 
50.02 14 
50.04 14 
50.06 14 
50.08 7 
50.10 7 
50.12 7 
50.14 7 
50.16 7 
50.18 7 
50.20 7 
50.22 7 
50.24 7 
50.26 7 
50.28 7 
50.30 7 
50.32 7 
50.34 7 
50.36 7 
50.38 7 
50.40 21 
50.42 7 
50.44 7 
50.46 7 
50.48 7 
50.50 7 
50.52 21 
50.54 21 
50.56 21 
50.58 21 
50.60 7 
50.62 21 
50.64 21 
50.66 14 
50.68 21 
50.70 14 
50.72 14 
50.74 7 
50.76 7 
50.78 14 
50.80 14 
50.82 14 
50.84 7 
50.86 7 
50.88 7 
50.90 7 
50.92 7 
50.94 28 
50.96 7 
50.98 7 
51.00 7 
51.02 14 
51.04 14 
51.06 14 
51.08 7 
51.10 14 
51.12 14 
51.14 14 
51.16 14 
51.18 7 
51.20 14 
51.22 7 
51.24 7 
51.26 7 
51.28 7 
51.30 7 
51.32 7 
51.34 14 
51.36 7 
51.38 7 
51.40 7 
51.42 14 
51.44 14 
51.46 14 
51.48 7 
51.50 7 
51.52 14 
51.54 14 
51.56 14 
51.58 14 
51.60 21 
51.62 7 
51.64 7 
51.66 7 
51.68 7 
51.70 7 
51.72 7 
51.74 7 
51.76 7 
51.78 7 
51.80 7 
51.82 14 
51.84 7 
51.86 7 
51.88 7 
51.90 7 
51.92 7 
51.94 7 
51.96 7 
51.98 7 
52.00 7 
52.02 7 
52.04 14 
52.06 7 
52.08 7 
52.10 7 
52.12 14 
52.14 14 
52.16 14 
52.18 7 
52.20 7 
52.22 7 
52.24 7 
52.26 14 
52.28 7 
52.30 7 
52.32 7 
52.34 7 
52.36 14 
52.38 14 
52.40 7 
52.42 7 
52.44 7 
52.46 14 
52.48 7 
52.50 14 
52.52 14 
52.54 14 
52.56 14 
52.58 14 
52.60 7 
52.62 7 
52.64 7 
52.66 7 
52.68 14 
52.70 21 
52.72 7 
52.74 21 
52.76 21 
52.78 7 
52.80 7 
52.82 7 
52.84 7 
52.86 7 
52.88 7 
52.90 7 
52.92 7 
52.94 7 
52.96 7 
52.98 7 
53.00 7 
53.02 14 
53.04 14 
53.06 7 
53.08 7 
53.10 7 
53.12 7 
53.14 7 
53.16 7 
53.18 14 
53.20 14 
53.22 14 
53.24 14 
53.26 7 
53.28 7 
53.30 7 
53.32 7 
53.34 7 
53.36 14 
53.38 14 
53.40 14 
53.42 7 
53.44 7 
53.46 7 
53.48 7 
53.50 7 
53.52 7 
53.54 7 
53.56 7 
53.58 7 
53.60 14 
53.62 14 
53.64 7 
53.66 7 
53.68 7 
53.70 14 
53.72 14 
53.74 28 
53.76 14 
53.78 7 
53.80 7 
53.82 14 
53.84 14 
53.86 7 
53.88 14 
53.90 14 
53.92 7 
53.94 7 
53.96 7 
53.98 14 
54.00 14 
54.02 7 
54.04 7 
54.06 14 
54.08 14 
54.10 14 
54.12 14 
54.14 21 
54.16 7 
54.18 14 
54.20 7 
54.22 7 
54.24 7 
54.26 7 
54.28 7 
54.30 7 
54.32 7 
54.34 14 
54.36 14 
54.38 7 
54.40 7 
54.42 21 
54.44 7 
54.46 7 
54.48 7 
54.50 7 
54.52 7 
54.54 7 
54.56 14 
54.58 14 
54.60 14 
54.62 7 
54.64 7 
54.66 7 
54.68 7 
54.70 7 
54.72 7 
54.74 7 
54.76 14 
54.78 14 
54.80 7 
54.82 7 
54.84 7 
54.86 14 
54.88 14 
54.90 14 
54.92 14 
54.94 14 
54.96 7 
54.98 21 
55.00 14 
55.02 7 
55.04 7 
55.06 7 
55.08 7 
55.10 7 
55.12 7 
55.14 21 
55.16 14 
55.18 7 
55.20 7 
55.22 7 
55.24 7 
55.26 7 
55.28 7 
55.30 7 
55.32 7 
55.34 14 
55.36 7 
55.38 7 
55.40 21 
55.42 7 
55.44 7 
55.46 7 
55.48 21 
55.50 21 
55.52 7 
55.54 7 
55.56 7 
55.58 7 
55.60 21 
55.62 7 
55.64 7 
55.66 7 
55.68 7 
55.70 7 
55.72 14 
55.74 14 
55.76 14 
55.78 7 
55.80 7 
55.82 7 
55.84 7 
55.86 7 
55.88 7 
55.90 7 
55.92 7 
55.94 21 
55.96 14 
55.98 7 
56.00 7 
56.02 14 
56.04 14 
56.06 14 
56.08 7 
56.10 21 
56.12 7 
56.14 7 
56.16 7 
56.18 14 
56.20 7 
56.22 21 
56.24 7 
56.26 28 
56.28 28 
56.30 14 
56.32 14 
56.34 14 
56.36 42 
56.38 28 
56.40 21 
56.42 49 
56.44 35 
56.46 14 
56.48 28 
56.50 21 
56.52 28 
56.54 35 
56.56 35 
56.58 28 
56.60 21 
56.62 21 
56.64 21 
56.66 21 
56.68 42 
56.70 21 
56.72 14 
56.74 7 
56.76 7 
56.78 35 
56.80 21 
56.82 28 
56.84 7 
56.86 21 
56.88 14 
56.90 14 
56.92 14 
56.94 14 
56.96 14 
56.98 14 
57.00 14 
57.02 7 
57.04 7 
57.06 28 
57.08 21 
57.10 21 
57.12 42 
57.14 56 
57.16 28 
57.18 56 
57.20 49 
57.22 21 
57.24 97 
57.26 76 
57.28 62 
57.30 49 
57.32 35 
57.34 83 
57.36 62 
57.38 42 
57.40 28 
57.42 35 
57.44 21 
57.46 42 
57.48 49 
57.50 56 
57.52 62 
57.54 21 
57.56 42 
57.58 7 
57.60 28 
57.62 28 
57.64 35 
57.66 35 
57.68 14 
57.70 14 
57.72 21 
57.74 21 
57.76 14 
57.78 28 
57.80 21 
57.82 14 
57.84 14 
57.86 21 
57.88 21 
57.90 7 
57.92 21 
57.94 14 
57.96 7 
57.98 14 
58.00 14 
58.02 14 
58.04 14 
58.06 35 
58.08 7 
58.10 35 
58.12 35 
58.14 35 
58.16 14 
58.18 14 
58.20 14 
58.22 21 
58.24 21 
58.26 21 
58.28 7 
58.30 7 
58.32 14 
58.34 14 
58.36 14 
58.38 7 
58.40 14 
58.42 7 
58.44 7 
58.46 21 
58.48 21 
58.50 7 
58.52 7 
58.54 7 
58.56 7 
58.58 7 
58.60 7 
58.62 7 
58.64 14 
58.66 7 
58.68 7 
58.70 14 
58.72 14 
58.74 7 
58.76 7 
58.78 7 
58.80 14 
58.82 14 
58.84 7 
58.86 7 
58.88 7 
58.90 7 
58.92 7 
58.94 7 
58.96 7 
58.98 7 
59.00 7 
59.02 7 
59.04 7 
59.06 7 
59.08 14 
59.10 7 
59.12 14 
59.14 14 
59.16 14 
59.18 14 
59.20 14 
59.22 21 
59.24 7 
59.26 14 
59.28 7 
59.30 7 
59.32 7 
59.34 14 
59.36 14 
59.38 14 
59.40 14 
59.42 7 
59.44 7 
59.46 21 
59.48 14 
59.50 21 
59.52 7 
59.54 7 
59.56 7 
59.58 7 
59.60 14 
59.62 14 
59.64 21 
59.66 7 
59.68 7 
59.70 7 
59.72 14 
59.74 7 
59.76 7 
59.78 14 
59.80 14 
59.82 14 
59.84 7 
59.86 7 
59.88 7 
59.90 7 
59.92 7 
59.94 7 
59.96 7 
59.98 7 
60.00 21 
60.02 7 
60.04 7 
60.06 7 
60.08 7 
60.10 14 
60.12 14 
60.14 35 
60.16 7 
60.18 7 
60.20 7 
60.22 7 
60.24 14 
60.26 7 
60.28 7 
60.30 28 
60.32 14 
60.34 14 
60.36 14 
60.38 7 
60.40 35 
60.42 14 
60.44 14 
60.46 28 
60.48 35 
60.50 21 
60.52 21 
60.54 49 
60.56 56 
60.58 49 
60.60 42 
60.62 42 
60.64 62 
60.66 21 
60.68 49 
60.70 56 
60.72 49 
60.74 28 
60.76 69 
60.78 76 
60.80 42 
60.82 14 
60.84 7 
60.86 28 
60.88 35 
60.90 7 
60.92 35 
60.94 49 
60.96 14 
60.98 14 
61.00 35 
61.02 7 
61.04 7 
61.06 7 
61.08 21 
61.10 21 
61.12 28 
61.14 21 
61.16 14 
61.18 35 
61.20 28 
61.22 28 
61.24 21 
61.26 14 
61.28 7 
61.30 42 
61.32 21 
61.34 14 
61.36 35 
61.38 28 
61.40 21 
61.42 14 
61.44 7 
61.46 28 
61.48 7 
61.50 14 
61.52 14 
61.54 14 
61.56 7 
61.58 7 
61.60 35 
61.62 7 
61.64 7 
61.66 7 
61.68 7 
61.70 14 
61.72 14 
61.74 7 
61.76 7 
61.78 14 
61.80 7 
61.82 7 
61.84 14 
61.86 7 
61.88 7 
61.90 7 
61.92 7 
61.94 14 
61.96 14 
61.98 14 
62.00 14 
62.02 14 
62.04 14 
62.06 7 
62.08 7 
62.10 14 
62.12 14 
62.14 7 
62.16 7 
62.18 14 
62.20 14 
62.22 14 
62.24 7 
62.26 7 
62.28 14 
62.30 14 
62.32 7 
62.34 14 
62.36 7 
62.38 7 
62.40 14 
62.42 14 
62.44 14 
62.46 21 
62.48 7 
62.50 7 
62.52 7 
62.54 7 
62.56 14 
62.58 14 
62.60 14 
62.62 7 
62.64 14 
62.66 14 
62.68 7 
62.70 7 
62.72 14 
62.74 7 
62.76 7 
62.78 14 
62.80 28 
62.82 28 
62.84 28 
62.86 21 
62.88 14 
62.90 14 
62.92 7 
62.94 28 
62.96 35 
62.98 7 
63.00 21 
63.02 14 
63.04 14 
63.06 14 
63.08 14 
63.10 21 
63.12 7 
63.14 7 
63.16 14 
63.18 28 
63.20 7 
63.22 21 
63.24 21 
63.26 21 
63.28 28 
63.30 28 
63.32 14 
63.34 7 
63.36 7 
63.38 21 
63.40 7 
63.42 7 
63.44 14 
63.46 7 
63.48 7 
63.50 7 
63.52 7 
63.54 7 
63.56 7 
63.58 7 
63.60 7 
63.62 7 
63.64 7 
63.66 7 
63.68 7 
63.70 7 
63.72 7 
63.74 7 
63.76 7 
63.78 7 
63.80 14 
63.82 7 
63.84 7 
63.86 14 
63.88 7 
63.90 21 
63.92 7 
63.94 7 
63.96 7 
63.98 21 
64.00 21 
64.02 7 
64.04 14 
64.06 14 
64.08 7 
64.10 7 
64.12 14 
64.14 14 
64.16 14 
64.18 14 
64.20 14 
64.22 14 
64.24 7 
64.26 14 
64.28 35 
64.30 14 
64.32 14 
64.34 21 
64.36 28 
64.38 14 
64.40 7 
64.42 14 
64.44 14 
64.46 28 
64.48 28 
64.50 28 
64.52 35 
64.54 7 
64.56 28 
64.58 56 
64.60 42 
64.62 35 
64.64 28 
64.66 42 
64.68 28 
64.70 21 
64.72 14 
64.74 56 
64.76 28 
64.78 7 
64.80 14 
64.82 14 
64.84 14 
64.86 21 
64.88 21 
64.90 14 
64.92 14 
64.94 14 
64.96 7 
64.98 14 
65.00 14 
65.02 14 
65.04 28 
65.06 21 
65.08 14 
65.10 14 
65.12 14 
65.14 14 
65.16 7 
65.18 14 
65.20 7 
65.22 7 
65.24 14 
65.26 14 
65.28 14 
65.30 7 
65.32 7 
65.34 28 
65.36 7 
65.38 7 
65.40 21 
65.42 35 
65.44 35 
65.46 14 
65.48 49 
65.50 14 
65.52 28 
65.54 28 
65.56 21 
65.58 28 
65.60 35 
65.62 21 
65.64 21 
65.66 21 
65.68 7 
65.70 35 
65.72 28 
65.74 7 
65.76 28 
65.78 14 
65.80 7 
65.82 7 
65.84 7 
65.86 14 
65.88 14 
65.90 7 
65.92 14 
65.94 28 
65.96 14 
65.98 7 
66.00 21 
66.02 21 
66.04 7 
66.06 7 
66.08 7 
66.10 14 
66.12 14 
66.14 7 
66.16 7 
66.18 7 
66.20 7 
66.22 7 
66.24 7 
66.26 7 
66.28 14 
66.30 7 
66.32 7 
66.34 7 
66.36 7 
66.38 7 
66.40 7 
66.42 7 
66.44 7 
66.46 7 
66.48 7 
66.50 7 
66.52 7 
66.54 7 
66.56 28 
66.58 28 
66.60 28 
66.62 7 
66.64 21 
66.66 21 
66.68 21 
66.70 7 
66.72 7 
66.74 7 
66.76 7 
66.78 7 
66.80 7 
66.82 7 
66.84 7 
66.86 7 
66.88 7 
66.90 7 
66.92 7 
66.94 7 
66.96 7 
66.98 7 
67.00 7 
67.02 7 
67.04 7 
67.06 7 
67.08 7 
67.10 7 
67.12 7 
67.14 7 
67.16 7 
67.18 7 
67.20 7 
67.22 7 
67.24 7 
67.26 7 
67.28 14 
67.30 14 
67.32 14 
67.34 7 
67.36 7 
67.38 7 
67.40 7 
67.42 7 
67.44 7 
67.46 7 
67.48 7 
67.50 7 
67.52 7 
67.54 14 
67.56 14 
67.58 7 
67.60 14 
67.62 14 
67.64 14 
67.66 7 
67.68 7 
67.70 7 
67.72 7 
67.74 7 
67.76 21 
67.78 21 
67.80 21 
67.82 21 
67.84 21 
67.86 21 
67.88 14 
67.90 14 
67.92 14 
67.94 14 
67.96 14 
67.98 7 
68.00 7 
68.02 7 
68.04 7 
68.06 7 
68.08 7 
68.10 7 
68.12 7 
68.14 7 
68.16 7 
68.18 7 
68.20 7 
68.22 7 
68.24 14 
68.26 14 
68.28 14 
68.30 7 
68.32 7 
68.34 14 
68.36 7 
68.38 7 
68.40 7 
68.42 7 
68.44 7 
68.46 7 
68.48 7 
68.50 7 
68.52 7 
68.54 7 
68.56 7 
68.58 7 
68.60 7 
68.62 7 
68.64 7 
68.66 14 
68.68 7 
68.70 7 
68.72 14 
68.74 7 
68.76 14 
68.78 21 
68.80 7 
68.82 7 
68.84 7 
68.86 7 
68.88 28 
68.90 21 
68.92 21 
68.94 7 
68.96 7 
68.98 7 
69.00 7 
69.02 7 
69.04 7 
69.06 14 
69.08 7 
69.10 14 
69.12 14 
69.14 7 
69.16 7 
69.18 14 
69.20 7 
69.22 7 
69.24 14 
69.26 14 
69.28 14 
69.30 14 
69.32 14 
69.34 7 
69.36 7 
69.38 7 
69.40 7 
69.42 7 
69.44 7 
69.46 7 
69.48 7 
69.50 7 
69.52 14 
69.54 14 
69.56 7 
69.58 7 
69.60 14 
69.62 14 
69.64 7 
69.66 7 
69.68 7 
69.70 14 
69.72 14 
69.74 21 
69.76 21 
69.78 7 
69.80 7 
69.82 21 
69.84 7 
69.86 7 
69.88 35 
69.90 7 
69.92 14 
69.94 14 
69.96 14 
69.98 14 
