实验日期:2022-3-23
文件名:d:\我的文档\桌面\jwf\KCl4.TXT
样品名:KCl4
实验者: 
起始角= 20 
终止角= 70 
步宽= .01 
波长=1.5406
 30 kV,  15 mA
20.00 14 
20.01 14 
20.02 14 
20.03 42 
20.04 42 
20.05 42 
20.06 14 
20.07 14 
20.08 28 
20.09 28 
20.10 28 
20.11 14 
20.12 14 
20.13 14 
20.14 14 
20.15 14 
20.16 14 
20.17 14 
20.18 14 
20.19 28 
20.20 28 
20.21 14 
20.22 14 
20.23 14 
20.24 14 
20.25 14 
20.26 14 
20.27 14 
20.28 14 
20.29 14 
20.30 56 
20.31 14 
20.32 14 
20.33 14 
20.34 14 
20.35 14 
20.36 14 
20.37 14 
20.38 14 
20.39 14 
20.40 14 
20.41 14 
20.42 14 
20.43 14 
20.44 14 
20.45 14 
20.46 14 
20.47 14 
20.48 14 
20.49 14 
20.50 14 
20.51 14 
20.52 28 
20.53 14 
20.54 28 
20.55 14 
20.56 14 
20.57 28 
20.58 14 
20.59 14 
20.60 28 
20.61 28 
20.62 28 
20.63 14 
20.64 14 
20.65 14 
20.66 14 
20.67 14 
20.68 28 
20.69 28 
20.70 28 
20.71 14 
20.72 14 
20.73 14 
20.74 14 
20.75 14 
20.76 14 
20.77 14 
20.78 14 
20.79 14 
20.80 14 
20.81 14 
20.82 14 
20.83 14 
20.84 14 
20.85 28 
20.86 28 
20.87 28 
20.88 28 
20.89 28 
20.90 28 
20.91 28 
20.92 28 
20.93 14 
20.94 14 
20.95 14 
20.96 14 
20.97 14 
20.98 14 
20.99 14 
21.00 56 
21.01 14 
21.02 14 
21.03 14 
21.04 14 
21.05 14 
21.06 14 
21.07 14 
21.08 14 
21.09 14 
21.10 14 
21.11 14 
21.12 14 
21.13 14 
21.14 14 
21.15 14 
21.16 14 
21.17 14 
21.18 14 
21.19 14 
21.20 14 
21.21 28 
21.22 14 
21.23 14 
21.24 28 
21.25 14 
21.26 14 
21.27 14 
21.28 14 
21.29 14 
21.30 28 
21.31 28 
21.32 28 
21.33 14 
21.34 14 
21.35 14 
21.36 14 
21.37 14 
21.38 14 
21.39 14 
21.40 28 
21.41 14 
21.42 14 
21.43 28 
21.44 28 
21.45 28 
21.46 28 
21.47 14 
21.48 14 
21.49 14 
21.50 42 
21.51 14 
21.52 14 
21.53 14 
21.54 14 
21.55 14 
21.56 14 
21.57 14 
21.58 14 
21.59 28 
21.60 28 
21.61 28 
21.62 28 
21.63 28 
21.64 28 
21.65 28 
21.66 28 
21.67 28 
21.68 28 
21.69 28 
21.70 14 
21.71 14 
21.72 14 
21.73 14 
21.74 14 
21.75 14 
21.76 14 
21.77 14 
21.78 14 
21.79 14 
21.80 14 
21.81 14 
21.82 14 
21.83 14 
21.84 14 
21.85 14 
21.86 14 
21.87 14 
21.88 14 
21.89 14 
21.90 14 
21.91 14 
21.92 14 
21.93 14 
21.94 14 
21.95 14 
21.96 14 
21.97 14 
21.98 14 
21.99 14 
22.00 14 
22.01 14 
22.02 14 
22.03 14 
22.04 14 
22.05 42 
22.06 14 
22.07 14 
22.08 14 
22.09 14 
22.10 14 
22.11 14 
22.12 14 
22.13 28 
22.14 28 
22.15 14 
22.16 14 
22.17 14 
22.18 14 
22.19 14 
22.20 14 
22.21 14 
22.22 14 
22.23 14 
22.24 14 
22.25 14 
22.26 14 
22.27 14 
22.28 14 
22.29 14 
22.30 14 
22.31 14 
22.32 14 
22.33 14 
22.34 14 
22.35 14 
22.36 14 
22.37 14 
22.38 14 
22.39 14 
22.40 14 
22.41 14 
22.42 14 
22.43 14 
22.44 14 
22.45 14 
22.46 14 
22.47 14 
22.48 14 
22.49 14 
22.50 14 
22.51 14 
22.52 14 
22.53 14 
22.54 14 
22.55 14 
22.56 14 
22.57 14 
22.58 28 
22.59 14 
22.60 14 
22.61 14 
22.62 14 
22.63 14 
22.64 28 
22.65 28 
22.66 14 
22.67 14 
22.68 14 
22.69 14 
22.70 14 
22.71 14 
22.72 14 
22.73 14 
22.74 14 
22.75 14 
22.76 14 
22.77 14 
22.78 14 
22.79 14 
22.80 14 
22.81 28 
22.82 28 
22.83 14 
22.84 14 
22.85 14 
22.86 14 
22.87 14 
22.88 14 
22.89 14 
22.90 14 
22.91 14 
22.92 14 
22.93 28 
22.94 14 
22.95 28 
22.96 28 
22.97 14 
22.98 14 
22.99 14 
23.00 14 
23.01 14 
23.02 42 
23.03 42 
23.04 42 
23.05 14 
23.06 14 
23.07 14 
23.08 14 
23.09 14 
23.10 14 
23.11 14 
23.12 14 
23.13 14 
23.14 14 
23.15 14 
23.16 14 
23.17 14 
23.18 14 
23.19 14 
23.20 14 
23.21 14 
23.22 14 
23.23 14 
23.24 14 
23.25 14 
23.26 14 
23.27 14 
23.28 14 
23.29 14 
23.30 14 
23.31 14 
23.32 14 
23.33 14 
23.34 14 
23.35 14 
23.36 14 
23.37 14 
23.38 14 
23.39 14 
23.40 14 
23.41 14 
23.42 14 
23.43 14 
23.44 14 
23.45 14 
23.46 14 
23.47 14 
23.48 14 
23.49 14 
23.50 14 
23.51 14 
23.52 14 
23.53 14 
23.54 14 
23.55 14 
23.56 14 
23.57 14 
23.58 28 
23.59 28 
23.60 28 
23.61 28 
23.62 28 
23.63 14 
23.64 14 
23.65 28 
23.66 28 
23.67 14 
23.68 14 
23.69 14 
23.70 14 
23.71 14 
23.72 14 
23.73 14 
23.74 14 
23.75 14 
23.76 14 
23.77 14 
23.78 14 
23.79 14 
23.80 14 
23.81 14 
23.82 14 
23.83 14 
23.84 14 
23.85 14 
23.86 14 
23.87 14 
23.88 14 
23.89 14 
23.90 14 
23.91 14 
23.92 14 
23.93 14 
23.94 14 
23.95 14 
23.96 14 
23.97 14 
23.98 28 
23.99 28 
24.00 28 
24.01 14 
24.02 14 
24.03 14 
24.04 28 
24.05 28 
24.06 14 
24.07 14 
24.08 14 
24.09 14 
24.10 14 
24.11 28 
24.12 14 
24.13 14 
24.14 14 
24.15 14 
24.16 14 
24.17 14 
24.18 14 
24.19 14 
24.20 14 
24.21 14 
24.22 14 
24.23 14 
24.24 14 
24.25 14 
24.26 14 
24.27 14 
24.28 14 
24.29 42 
24.30 42 
24.31 42 
24.32 14 
24.33 14 
24.34 14 
24.35 14 
24.36 14 
24.37 14 
24.38 14 
24.39 14 
24.40 14 
24.41 14 
24.42 14 
24.43 14 
24.44 14 
24.45 14 
24.46 14 
24.47 14 
24.48 14 
24.49 14 
24.50 14 
24.51 28 
24.52 28 
24.53 28 
24.54 28 
24.55 14 
24.56 14 
24.57 14 
24.58 14 
24.59 14 
24.60 14 
24.61 14 
24.62 14 
24.63 28 
24.64 28 
24.65 28 
24.66 14 
24.67 14 
24.68 14 
24.69 14 
24.70 14 
24.71 14 
24.72 14 
24.73 14 
24.74 14 
24.75 28 
24.76 28 
24.77 28 
24.78 28 
24.79 14 
24.80 14 
24.81 14 
24.82 14 
24.83 14 
24.84 14 
24.85 14 
24.86 14 
24.87 14 
24.88 14 
24.89 14 
24.90 14 
24.91 14 
24.92 14 
24.93 14 
24.94 14 
24.95 14 
24.96 14 
24.97 14 
24.98 14 
24.99 14 
25.00 14 
25.01 14 
25.02 14 
25.03 14 
25.04 14 
25.05 14 
25.06 14 
25.07 14 
25.08 14 
25.09 14 
25.10 14 
25.11 14 
25.12 14 
25.13 14 
25.14 14 
25.15 14 
25.16 28 
25.17 14 
25.18 14 
25.19 14 
25.20 14 
25.21 14 
25.22 14 
25.23 14 
25.24 14 
25.25 14 
25.26 14 
25.27 14 
25.28 14 
25.29 14 
25.30 14 
25.31 14 
25.32 14 
25.33 14 
25.34 14 
25.35 14 
25.36 14 
25.37 14 
25.38 14 
25.39 14 
25.40 14 
25.41 14 
25.42 14 
25.43 14 
25.44 14 
25.45 14 
25.46 14 
25.47 14 
25.48 14 
25.49 14 
25.50 14 
25.51 14 
25.52 14 
25.53 14 
25.54 14 
25.55 14 
25.56 14 
25.57 14 
25.58 14 
25.59 14 
25.60 14 
25.61 28 
25.62 14 
25.63 14 
25.64 14 
25.65 14 
25.66 14 
25.67 14 
25.68 14 
25.69 14 
25.70 14 
25.71 28 
25.72 28 
25.73 28 
25.74 14 
25.75 28 
25.76 14 
25.77 14 
25.78 14 
25.79 14 
25.80 14 
25.81 14 
25.82 14 
25.83 14 
25.84 14 
25.85 14 
25.86 14 
25.87 14 
25.88 14 
25.89 14 
25.90 14 
25.91 14 
25.92 14 
25.93 14 
25.94 14 
25.95 14 
25.96 14 
25.97 14 
25.98 14 
25.99 14 
26.00 14 
26.01 14 
26.02 14 
26.03 14 
26.04 14 
26.05 42 
26.06 42 
26.07 14 
26.08 14 
26.09 14 
26.10 28 
26.11 28 
26.12 28 
26.13 56 
26.14 56 
26.15 56 
26.16 56 
26.17 14 
26.18 14 
26.19 28 
26.20 28 
26.21 28 
26.22 14 
26.23 14 
26.24 14 
26.25 42 
26.26 42 
26.27 42 
26.28 14 
26.29 14 
26.30 14 
26.31 14 
26.32 14 
26.33 28 
26.34 28 
26.35 28 
26.36 14 
26.37 14 
26.38 14 
26.39 14 
26.40 14 
26.41 14 
26.42 14 
26.43 14 
26.44 14 
26.45 14 
26.46 14 
26.47 14 
26.48 14 
26.49 14 
26.50 14 
26.51 14 
26.52 14 
26.53 28 
26.54 14 
26.55 14 
26.56 14 
26.57 14 
26.58 14 
26.59 14 
26.60 14 
26.61 14 
26.62 42 
26.63 14 
26.64 14 
26.65 14 
26.66 14 
26.67 14 
26.68 14 
26.69 14 
26.70 28 
26.71 14 
26.72 28 
26.73 28 
26.74 14 
26.75 14 
26.76 14 
26.77 14 
26.78 14 
26.79 42 
26.80 14 
26.81 28 
26.82 14 
26.83 14 
26.84 28 
26.85 28 
26.86 42 
26.87 28 
26.88 28 
26.89 14 
26.90 14 
26.91 14 
26.92 14 
26.93 14 
26.94 14 
26.95 14 
26.96 28 
26.97 28 
26.98 28 
26.99 14 
27.00 28 
27.01 28 
27.02 42 
27.03 14 
27.04 14 
27.05 28 
27.06 28 
27.07 14 
27.08 14 
27.09 14 
27.10 14 
27.11 42 
27.12 42 
27.13 14 
27.14 14 
27.15 56 
27.16 28 
27.17 28 
27.18 14 
27.19 14 
27.20 42 
27.21 14 
27.22 28 
27.23 14 
27.24 14 
27.25 14 
27.26 28 
27.27 56 
27.28 28 
27.29 28 
27.30 28 
27.31 28 
27.32 14 
27.33 42 
27.34 56 
27.35 56 
27.36 28 
27.37 28 
27.38 28 
27.39 28 
27.40 42 
27.41 56 
27.42 56 
27.43 56 
27.44 69 
27.45 56 
27.46 56 
27.47 42 
27.48 14 
27.49 56 
27.50 56 
27.51 14 
27.52 42 
27.53 42 
27.54 42 
27.55 42 
27.56 56 
27.57 97 
27.58 42 
27.59 42 
27.60 42 
27.61 28 
27.62 14 
27.63 56 
27.64 14 
27.65 14 
27.66 56 
27.67 97 
27.68 28 
27.69 42 
27.70 69 
27.71 42 
27.72 69 
27.73 83 
27.74 56 
27.75 28 
27.76 83 
27.77 42 
27.78 14 
27.79 83 
27.80 83 
27.81 28 
27.82 83 
27.83 14 
27.84 28 
27.85 83 
27.86 83 
27.87 83 
27.88 42 
27.89 28 
27.90 83 
27.91 28 
27.92 28 
27.93 69 
27.94 69 
27.95 69 
27.96 69 
27.97 111 
27.98 111 
27.99 69 
28.00 14 
28.01 125 
28.02 56 
28.03 83 
28.04 69 
28.05 181 
28.06 125 
28.07 167 
28.08 208 
28.09 319 
28.10 125 
28.11 319 
28.12 236 
28.13 319 
28.14 542 
28.15 569 
28.16 500 
28.17 681 
28.18 681 
28.19 681 
28.20 1000 
28.21 1319 
28.22 1361 
28.23 1681 
28.24 1986 
28.25 2319 
28.26 2569 
28.27 2931 
28.28 3194 
28.29 2694 
28.30 3014 
28.31 3097 
28.32 2736 
28.33 2833 
28.34 2361 
28.35 2208 
28.36 1694 
28.37 1597 
28.38 1264 
28.39 1347 
28.40 1097 
28.41 653 
28.42 653 
28.43 347 
28.44 347 
28.45 181 
28.46 167 
28.47 139 
28.48 97 
28.49 139 
28.50 42 
28.51 69 
28.52 69 
28.53 42 
28.54 69 
28.55 83 
28.56 42 
28.57 83 
28.58 42 
28.59 69 
28.60 69 
28.61 56 
28.62 56 
28.63 56 
28.64 14 
28.65 56 
28.66 56 
28.67 14 
28.68 14 
28.69 14 
28.70 28 
28.71 56 
28.72 56 
28.73 28 
28.74 28 
28.75 14 
28.76 14 
28.77 14 
28.78 28 
28.79 28 
28.80 14 
28.81 28 
28.82 14 
28.83 14 
28.84 14 
28.85 14 
28.86 14 
28.87 14 
28.88 28 
28.89 42 
28.90 14 
28.91 14 
28.92 14 
28.93 14 
28.94 14 
28.95 14 
28.96 14 
28.97 14 
28.98 14 
28.99 14 
29.00 14 
29.01 14 
29.02 14 
29.03 14 
29.04 14 
29.05 14 
29.06 14 
29.07 14 
29.08 14 
29.09 14 
29.10 28 
29.11 28 
29.12 14 
29.13 14 
29.14 14 
29.15 14 
29.16 14 
29.17 14 
29.18 14 
29.19 14 
29.20 14 
29.21 14 
29.22 14 
29.23 14 
29.24 14 
29.25 14 
29.26 28 
29.27 28 
29.28 14 
29.29 14 
29.30 14 
29.31 14 
29.32 14 
29.33 14 
29.34 14 
29.35 14 
29.36 14 
29.37 42 
29.38 42 
29.39 42 
29.40 42 
29.41 42 
29.42 42 
29.43 42 
29.44 14 
29.45 14 
29.46 14 
29.47 14 
29.48 14 
29.49 14 
29.50 28 
29.51 14 
29.52 14 
29.53 14 
29.54 14 
29.55 14 
29.56 14 
29.57 14 
29.58 14 
29.59 14 
29.60 14 
29.61 14 
29.62 14 
29.63 14 
29.64 14 
29.65 14 
29.66 28 
29.67 28 
29.68 14 
29.69 14 
29.70 14 
29.71 14 
29.72 14 
29.73 14 
29.74 14 
29.75 14 
29.76 14 
29.77 14 
29.78 14 
29.79 14 
29.80 14 
29.81 14 
29.82 14 
29.83 14 
29.84 14 
29.85 28 
29.86 28 
29.87 14 
29.88 14 
29.89 14 
29.90 14 
29.91 14 
29.92 14 
29.93 14 
29.94 14 
29.95 14 
29.96 14 
29.97 14 
29.98 14 
29.99 14 
30.00 14 
30.01 14 
30.02 14 
30.03 14 
30.04 14 
30.05 14 
30.06 14 
30.07 28 
30.08 14 
30.09 14 
30.10 14 
30.11 14 
30.12 28 
30.13 14 
30.14 14 
30.15 28 
30.16 28 
30.17 28 
30.18 28 
30.19 14 
30.20 14 
30.21 14 
30.22 14 
30.23 14 
30.24 14 
30.25 14 
30.26 28 
30.27 28 
30.28 14 
30.29 14 
30.30 14 
30.31 14 
30.32 14 
30.33 14 
30.34 14 
30.35 14 
30.36 14 
30.37 14 
30.38 14 
30.39 14 
30.40 14 
30.41 14 
30.42 14 
30.43 14 
30.44 14 
30.45 14 
30.46 14 
30.47 14 
30.48 14 
30.49 14 
30.50 14 
30.51 14 
30.52 14 
30.53 14 
30.54 14 
30.55 14 
30.56 14 
30.57 14 
30.58 28 
30.59 14 
30.60 14 
30.61 14 
30.62 14 
30.63 14 
30.64 14 
30.65 28 
30.66 28 
30.67 28 
30.68 28 
30.69 28 
30.70 28 
30.71 28 
30.72 28 
30.73 14 
30.74 14 
30.75 42 
30.76 42 
30.77 42 
30.78 14 
30.79 14 
30.80 14 
30.81 14 
30.82 14 
30.83 14 
30.84 14 
30.85 14 
30.86 14 
30.87 14 
30.88 28 
30.89 28 
30.90 14 
30.91 28 
30.92 14 
30.93 14 
30.94 14 
30.95 14 
30.96 14 
30.97 14 
30.98 14 
30.99 14 
31.00 28 
31.01 28 
31.02 28 
31.03 28 
31.04 28 
31.05 28 
31.06 28 
31.07 28 
31.08 28 
31.09 28 
31.10 28 
31.11 28 
31.12 28 
31.13 28 
31.14 28 
31.15 14 
31.16 14 
31.17 14 
31.18 14 
31.19 14 
31.20 14 
31.21 14 
31.22 14 
31.23 14 
31.24 14 
31.25 14 
31.26 14 
31.27 14 
31.28 14 
31.29 14 
31.30 14 
31.31 14 
31.32 14 
31.33 42 
31.34 14 
31.35 14 
31.36 14 
31.37 14 
31.38 14 
31.39 14 
31.40 14 
31.41 14 
31.42 14 
31.43 14 
31.44 28 
31.45 28 
31.46 28 
31.47 14 
31.48 14 
31.49 14 
31.50 14 
31.51 14 
31.52 14 
31.53 14 
31.54 14 
31.55 14 
31.56 14 
31.57 14 
31.58 14 
31.59 14 
31.60 14 
31.61 14 
31.62 14 
31.63 14 
31.64 28 
31.65 28 
31.66 28 
31.67 14 
31.68 14 
31.69 14 
31.70 28 
31.71 14 
31.72 14 
31.73 14 
31.74 14 
31.75 14 
31.76 14 
31.77 14 
31.78 14 
31.79 14 
31.80 14 
31.81 14 
31.82 14 
31.83 14 
31.84 28 
31.85 28 
31.86 28 
31.87 14 
31.88 14 
31.89 14 
31.90 14 
31.91 14 
31.92 14 
31.93 14 
31.94 14 
31.95 14 
31.96 14 
31.97 14 
31.98 14 
31.99 14 
32.00 14 
32.01 14 
32.02 14 
32.03 14 
32.04 14 
32.05 14 
32.06 28 
32.07 14 
32.08 28 
32.09 28 
32.10 28 
32.11 14 
32.12 14 
32.13 14 
32.14 14 
32.15 14 
32.16 14 
32.17 14 
32.18 14 
32.19 14 
32.20 14 
32.21 14 
32.22 14 
32.23 14 
32.24 14 
32.25 14 
32.26 14 
32.27 28 
32.28 28 
32.29 28 
32.30 28 
32.31 28 
32.32 14 
32.33 28 
32.34 28 
32.35 14 
32.36 14 
32.37 28 
32.38 14 
32.39 28 
32.40 28 
32.41 28 
32.42 28 
32.43 28 
32.44 28 
32.45 28 
32.46 14 
32.47 14 
32.48 14 
32.49 14 
32.50 14 
32.51 14 
32.52 14 
32.53 14 
32.54 14 
32.55 14 
32.56 14 
32.57 14 
32.58 14 
32.59 14 
32.60 14 
32.61 14 
32.62 14 
32.63 14 
32.64 14 
32.65 14 
32.66 28 
32.67 28 
32.68 14 
32.69 14 
32.70 14 
32.71 14 
32.72 14 
32.73 14 
32.74 14 
32.75 14 
32.76 14 
32.77 14 
32.78 42 
32.79 28 
32.80 14 
32.81 14 
32.82 14 
32.83 14 
32.84 14 
32.85 14 
32.86 14 
32.87 14 
32.88 14 
32.89 14 
32.90 14 
32.91 14 
32.92 14 
32.93 14 
32.94 14 
32.95 14 
32.96 14 
32.97 14 
32.98 28 
32.99 28 
33.00 28 
33.01 28 
33.02 28 
33.03 28 
33.04 28 
33.05 14 
33.06 14 
33.07 14 
33.08 14 
33.09 14 
33.10 14 
33.11 14 
33.12 14 
33.13 14 
33.14 14 
33.15 14 
33.16 14 
33.17 14 
33.18 14 
33.19 14 
33.20 14 
33.21 14 
33.22 14 
33.23 14 
33.24 28 
33.25 14 
33.26 14 
33.27 14 
33.28 14 
33.29 14 
33.30 14 
33.31 14 
33.32 14 
33.33 14 
33.34 14 
33.35 14 
33.36 14 
33.37 14 
33.38 14 
33.39 28 
33.40 28 
33.41 28 
33.42 28 
33.43 14 
33.44 14 
33.45 14 
33.46 14 
33.47 14 
33.48 14 
33.49 14 
33.50 14 
33.51 14 
33.52 14 
33.53 14 
33.54 14 
33.55 14 
33.56 14 
33.57 14 
33.58 28 
33.59 28 
33.60 14 
33.61 14 
33.62 14 
33.63 14 
33.64 14 
33.65 14 
33.66 14 
33.67 14 
33.68 14 
33.69 14 
33.70 14 
33.71 14 
33.72 14 
33.73 14 
33.74 14 
33.75 14 
33.76 14 
33.77 14 
33.78 14 
33.79 14 
33.80 28 
33.81 14 
33.82 14 
33.83 14 
33.84 14 
33.85 14 
33.86 14 
33.87 14 
33.88 14 
33.89 14 
33.90 14 
33.91 14 
33.92 14 
33.93 14 
33.94 14 
33.95 14 
33.96 14 
33.97 14 
33.98 14 
33.99 14 
34.00 14 
34.01 14 
34.02 14 
34.03 14 
34.04 14 
34.05 14 
34.06 14 
34.07 14 
34.08 14 
34.09 14 
34.10 14 
34.11 14 
34.12 14 
34.13 14 
34.14 14 
34.15 14 
34.16 14 
34.17 14 
34.18 14 
34.19 14 
34.20 14 
34.21 14 
34.22 14 
34.23 14 
34.24 14 
34.25 14 
34.26 14 
34.27 14 
34.28 28 
34.29 28 
34.30 28 
34.31 28 
34.32 28 
34.33 14 
34.34 14 
34.35 14 
34.36 14 
34.37 14 
34.38 14 
34.39 14 
34.40 14 
34.41 14 
34.42 14 
34.43 14 
34.44 14 
34.45 14 
34.46 14 
34.47 14 
34.48 14 
34.49 14 
34.50 14 
34.51 14 
34.52 14 
34.53 14 
34.54 14 
34.55 14 
34.56 14 
34.57 14 
34.58 14 
34.59 14 
34.60 14 
34.61 14 
34.62 28 
34.63 28 
34.64 28 
34.65 28 
34.66 28 
34.67 28 
34.68 14 
34.69 14 
34.70 14 
34.71 14 
34.72 14 
34.73 28 
34.74 28 
34.75 28 
34.76 28 
34.77 28 
34.78 28 
34.79 14 
34.80 14 
34.81 14 
34.82 14 
34.83 42 
34.84 42 
34.85 42 
34.86 42 
34.87 42 
34.88 42 
34.89 42 
34.90 42 
34.91 42 
34.92 42 
34.93 42 
34.94 14 
34.95 14 
34.96 14 
34.97 14 
34.98 14 
34.99 14 
35.00 14 
35.01 14 
35.02 14 
35.03 28 
35.04 28 
35.05 14 
35.06 14 
35.07 14 
35.08 14 
35.09 28 
35.10 14 
35.11 14 
35.12 14 
35.13 14 
35.14 14 
35.15 14 
35.16 14 
35.17 14 
35.18 14 
35.19 14 
35.20 14 
35.21 14 
35.22 14 
35.23 28 
35.24 28 
35.25 28 
35.26 28 
35.27 14 
35.28 14 
35.29 14 
35.30 14 
35.31 14 
35.32 14 
35.33 14 
35.34 14 
35.35 14 
35.36 14 
35.37 14 
35.38 14 
35.39 14 
35.40 14 
35.41 14 
35.42 14 
35.43 28 
35.44 28 
35.45 28 
35.46 28 
35.47 28 
35.48 28 
35.49 28 
35.50 28 
35.51 28 
35.52 28 
35.53 28 
35.54 28 
35.55 28 
35.56 14 
35.57 14 
35.58 14 
35.59 14 
35.60 14 
35.61 14 
35.62 14 
35.63 14 
35.64 14 
35.65 14 
35.66 14 
35.67 14 
35.68 14 
35.69 14 
35.70 14 
35.71 42 
35.72 42 
35.73 42 
35.74 42 
35.75 42 
35.76 42 
35.77 28 
35.78 28 
35.79 28 
35.80 14 
35.81 14 
35.82 14 
35.83 14 
35.84 14 
35.85 14 
35.86 14 
35.87 14 
35.88 28 
35.89 14 
35.90 14 
35.91 14 
35.92 14 
35.93 14 
35.94 28 
35.95 28 
35.96 28 
35.97 28 
35.98 28 
35.99 14 
36.00 14 
36.01 14 
36.02 14 
36.03 14 
36.04 14 
36.05 14 
36.06 14 
36.07 14 
36.08 14 
36.09 14 
36.10 28 
36.11 28 
36.12 28 
36.13 14 
36.14 14 
36.15 14 
36.16 28 
36.17 14 
36.18 14 
36.19 14 
36.20 14 
36.21 14 
36.22 14 
36.23 14 
36.24 14 
36.25 14 
36.26 14 
36.27 14 
36.28 14 
36.29 14 
36.30 14 
36.31 14 
36.32 14 
36.33 14 
36.34 14 
36.35 14 
36.36 14 
36.37 14 
36.38 14 
36.39 14 
36.40 14 
36.41 14 
36.42 28 
36.43 28 
36.44 28 
36.45 28 
36.46 28 
36.47 28 
36.48 14 
36.49 14 
36.50 14 
36.51 28 
36.52 14 
36.53 14 
36.54 14 
36.55 14 
36.56 14 
36.57 14 
36.58 14 
36.59 14 
36.60 14 
36.61 14 
36.62 14 
36.63 14 
36.64 14 
36.65 14 
36.66 14 
36.67 14 
36.68 14 
36.69 14 
36.70 14 
36.71 14 
36.72 14 
36.73 14 
36.74 14 
36.75 14 
36.76 14 
36.77 14 
36.78 14 
36.79 14 
36.80 14 
36.81 14 
36.82 14 
36.83 14 
36.84 14 
36.85 14 
36.86 14 
36.87 14 
36.88 14 
36.89 14 
36.90 14 
36.91 14 
36.92 14 
36.93 14 
36.94 14 
36.95 28 
36.96 28 
36.97 14 
36.98 14 
36.99 14 
37.00 14 
37.01 14 
37.02 14 
37.03 14 
37.04 14 
37.05 14 
37.06 14 
37.07 14 
37.08 14 
37.09 14 
37.10 14 
37.11 14 
37.12 14 
37.13 14 
37.14 14 
37.15 14 
37.16 14 
37.17 14 
37.18 14 
37.19 14 
37.20 14 
37.21 14 
37.22 14 
37.23 14 
37.24 14 
37.25 14 
37.26 14 
37.27 14 
37.28 14 
37.29 14 
37.30 14 
37.31 14 
37.32 14 
37.33 14 
37.34 14 
37.35 14 
37.36 14 
37.37 14 
37.38 14 
37.39 14 
37.40 14 
37.41 14 
37.42 14 
37.43 14 
37.44 14 
37.45 14 
37.46 14 
37.47 14 
37.48 14 
37.49 14 
37.50 14 
37.51 14 
37.52 14 
37.53 14 
37.54 28 
37.55 28 
37.56 28 
37.57 14 
37.58 14 
37.59 14 
37.60 14 
37.61 14 
37.62 14 
37.63 14 
37.64 14 
37.65 28 
37.66 28 
37.67 28 
37.68 28 
37.69 14 
37.70 14 
37.71 14 
37.72 14 
37.73 14 
37.74 14 
37.75 14 
37.76 14 
37.77 14 
37.78 14 
37.79 14 
37.80 14 
37.81 14 
37.82 14 
37.83 14 
37.84 14 
37.85 14 
37.86 28 
37.87 28 
37.88 28 
37.89 28 
37.90 14 
37.91 14 
37.92 14 
37.93 14 
37.94 14 
37.95 14 
37.96 14 
37.97 14 
37.98 14 
37.99 14 
38.00 14 
38.01 14 
38.02 14 
38.03 14 
38.04 14 
38.05 14 
38.06 14 
38.07 28 
38.08 14 
38.09 28 
38.10 14 
38.11 14 
38.12 14 
38.13 14 
38.14 14 
38.15 14 
38.16 14 
38.17 14 
38.18 14 
38.19 14 
38.20 14 
38.21 14 
38.22 14 
38.23 14 
38.24 14 
38.25 14 
38.26 14 
38.27 14 
38.28 14 
38.29 14 
38.30 14 
38.31 14 
38.32 14 
38.33 14 
38.34 14 
38.35 14 
38.36 14 
38.37 14 
38.38 14 
38.39 14 
38.40 42 
38.41 42 
38.42 42 
38.43 14 
38.44 14 
38.45 14 
38.46 14 
38.47 14 
38.48 14 
38.49 14 
38.50 14 
38.51 14 
38.52 14 
38.53 14 
38.54 14 
38.55 14 
38.56 14 
38.57 14 
38.58 14 
38.59 14 
38.60 14 
38.61 14 
38.62 14 
38.63 14 
38.64 14 
38.65 14 
38.66 14 
38.67 28 
38.68 28 
38.69 14 
38.70 14 
38.71 14 
38.72 14 
38.73 14 
38.74 14 
38.75 14 
38.76 14 
38.77 14 
38.78 14 
38.79 14 
38.80 14 
38.81 14 
38.82 42 
38.83 42 
38.84 14 
38.85 14 
38.86 14 
38.87 14 
38.88 14 
38.89 14 
38.90 14 
38.91 28 
38.92 28 
38.93 28 
38.94 14 
38.95 14 
38.96 14 
38.97 28 
38.98 28 
38.99 42 
39.00 42 
39.01 14 
39.02 14 
39.03 14 
39.04 14 
39.05 14 
39.06 28 
39.07 28 
39.08 28 
39.09 28 
39.10 28 
39.11 14 
39.12 14 
39.13 28 
39.14 28 
39.15 14 
39.16 28 
39.17 14 
39.18 14 
39.19 14 
39.20 14 
39.21 14 
39.22 14 
39.23 14 
39.24 28 
39.25 28 
39.26 14 
39.27 14 
39.28 14 
39.29 14 
39.30 14 
39.31 28 
39.32 28 
39.33 28 
39.34 28 
39.35 28 
39.36 14 
39.37 14 
39.38 14 
39.39 14 
39.40 14 
39.41 42 
39.42 42 
39.43 14 
39.44 42 
39.45 14 
39.46 14 
39.47 14 
39.48 14 
39.49 14 
39.50 42 
39.51 14 
39.52 28 
39.53 28 
39.54 28 
39.55 14 
39.56 14 
39.57 14 
39.58 14 
39.59 14 
39.60 14 
39.61 14 
39.62 14 
39.63 14 
39.64 28 
39.65 28 
39.66 56 
39.67 56 
39.68 28 
39.69 42 
39.70 14 
39.71 42 
39.72 14 
39.73 14 
39.74 28 
39.75 28 
39.76 28 
39.77 28 
39.78 14 
39.79 28 
39.80 14 
39.81 14 
39.82 28 
39.83 14 
39.84 14 
39.85 14 
39.86 28 
39.87 28 
39.88 28 
39.89 28 
39.90 83 
39.91 83 
39.92 14 
39.93 14 
39.94 14 
39.95 14 
39.96 28 
39.97 14 
39.98 14 
39.99 28 
40.00 28 
40.01 28 
40.02 14 
40.03 28 
40.04 28 
40.05 28 
40.06 28 
40.07 28 
40.08 14 
40.09 42 
40.10 14 
40.11 97 
40.12 28 
40.13 14 
40.14 56 
40.15 28 
40.16 28 
40.17 28 
40.18 28 
40.19 28 
40.20 28 
40.21 42 
40.22 14 
40.23 42 
40.24 14 
40.25 69 
40.26 56 
40.27 42 
40.28 83 
40.29 83 
40.30 83 
40.31 42 
40.32 153 
40.33 139 
40.34 194 
40.35 208 
40.36 222 
40.37 264 
40.38 403 
40.39 417 
40.40 597 
40.41 583 
40.42 694 
40.43 708 
40.44 806 
40.45 944 
40.46 847 
40.47 792 
40.48 799 
40.49 806 
40.50 472 
40.51 750 
40.52 542 
40.53 528 
40.54 528 
40.55 431 
40.56 319 
40.57 319 
40.58 319 
40.59 319 
40.60 181 
40.61 250 
40.62 264 
40.63 194 
40.64 97 
40.65 139 
40.66 56 
40.67 42 
40.68 83 
40.69 42 
40.70 56 
40.71 97 
40.72 97 
40.73 42 
40.74 28 
40.75 42 
40.76 56 
40.77 28 
40.78 14 
40.79 14 
40.80 14 
40.81 42 
40.82 42 
40.83 42 
40.84 42 
40.85 14 
40.86 14 
40.87 14 
40.88 28 
40.89 14 
40.90 14 
40.91 14 
40.92 14 
40.93 28 
40.94 28 
40.95 14 
40.96 14 
40.97 14 
40.98 14 
40.99 14 
41.00 14 
41.01 14 
41.02 14 
41.03 14 
41.04 14 
41.05 14 
41.06 14 
41.07 14 
41.08 14 
41.09 14 
41.10 14 
41.11 14 
41.12 14 
41.13 42 
41.14 14 
41.15 14 
41.16 14 
41.17 14 
41.18 14 
41.19 42 
41.20 42 
41.21 28 
41.22 28 
41.23 14 
41.24 14 
41.25 14 
41.26 14 
41.27 14 
41.28 14 
41.29 14 
41.30 14 
41.31 14 
41.32 14 
41.33 14 
41.34 14 
41.35 14 
41.36 14 
41.37 14 
41.38 14 
41.39 14 
41.40 14 
41.41 14 
41.42 14 
41.43 14 
41.44 14 
41.45 28 
41.46 28 
41.47 14 
41.48 14 
41.49 14 
41.50 14 
41.51 14 
41.52 28 
41.53 14 
41.54 14 
41.55 14 
41.56 14 
41.57 14 
41.58 14 
41.59 14 
41.60 14 
41.61 28 
41.62 28 
41.63 14 
41.64 14 
41.65 14 
41.66 14 
41.67 14 
41.68 14 
41.69 28 
41.70 28 
41.71 14 
41.72 14 
41.73 14 
41.74 14 
41.75 14 
41.76 14 
41.77 14 
41.78 14 
41.79 14 
41.80 28 
41.81 28 
41.82 28 
41.83 28 
41.84 28 
41.85 14 
41.86 14 
41.87 14 
41.88 14 
41.89 14 
41.90 14 
41.91 14 
41.92 14 
41.93 14 
41.94 14 
41.95 14 
41.96 28 
41.97 14 
41.98 14 
41.99 14 
42.00 14 
42.01 14 
42.02 14 
42.03 14 
42.04 14 
42.05 14 
42.06 14 
42.07 14 
42.08 14 
42.09 14 
42.10 14 
42.11 14 
42.12 14 
42.13 14 
42.14 14 
42.15 14 
42.16 14 
42.17 28 
42.18 28 
42.19 28 
42.20 28 
42.21 28 
42.22 28 
42.23 28 
42.24 28 
42.25 28 
42.26 14 
42.27 14 
42.28 28 
42.29 28 
42.30 14 
42.31 14 
42.32 14 
42.33 14 
42.34 14 
42.35 14 
42.36 14 
42.37 14 
42.38 14 
42.39 14 
42.40 14 
42.41 14 
42.42 14 
42.43 14 
42.44 14 
42.45 14 
42.46 14 
42.47 14 
42.48 14 
42.49 14 
42.50 14 
42.51 14 
42.52 14 
42.53 14 
42.54 14 
42.55 14 
42.56 14 
42.57 14 
42.58 14 
42.59 14 
42.60 14 
42.61 14 
42.62 14 
42.63 14 
42.64 14 
42.65 14 
42.66 14 
42.67 14 
42.68 14 
42.69 14 
42.70 14 
42.71 14 
42.72 14 
42.73 14 
42.74 14 
42.75 14 
42.76 14 
42.77 14 
42.78 14 
42.79 14 
42.80 14 
42.81 14 
42.82 14 
42.83 14 
42.84 14 
42.85 14 
42.86 14 
42.87 14 
42.88 14 
42.89 14 
42.90 14 
42.91 14 
42.92 14 
42.93 14 
42.94 14 
42.95 14 
42.96 14 
42.97 14 
42.98 42 
42.99 42 
43.00 42 
43.01 42 
43.02 42 
43.03 42 
43.04 42 
43.05 28 
43.06 28 
43.07 28 
43.08 28 
43.09 28 
43.10 14 
43.11 14 
43.12 14 
43.13 14 
43.14 14 
43.15 14 
43.16 14 
43.17 14 
43.18 14 
43.19 14 
43.20 14 
43.21 14 
43.22 14 
43.23 14 
43.24 14 
43.25 14 
43.26 14 
43.27 14 
43.28 14 
43.29 14 
43.30 14 
43.31 14 
43.32 28 
43.33 28 
43.34 14 
43.35 14 
43.36 14 
43.37 14 
43.38 14 
43.39 14 
43.40 14 
43.41 14 
43.42 14 
43.43 14 
43.44 14 
43.45 14 
43.46 14 
43.47 14 
43.48 14 
43.49 14 
43.50 14 
43.51 28 
43.52 28 
43.53 28 
43.54 14 
43.55 14 
43.56 14 
43.57 14 
43.58 14 
43.59 14 
43.60 14 
43.61 14 
43.62 14 
43.63 14 
43.64 28 
43.65 28 
43.66 28 
43.67 28 
43.68 28 
43.69 14 
43.70 14 
43.71 14 
43.72 14 
43.73 28 
43.74 28 
43.75 14 
43.76 14 
43.77 14 
43.78 14 
43.79 14 
43.80 14 
43.81 14 
43.82 14 
43.83 14 
43.84 14 
43.85 14 
43.86 14 
43.87 14 
43.88 14 
43.89 14 
43.90 14 
43.91 14 
43.92 14 
43.93 14 
43.94 14 
43.95 14 
43.96 14 
43.97 28 
43.98 28 
43.99 28 
44.00 28 
44.01 28 
44.02 28 
44.03 28 
44.04 28 
44.05 28 
44.06 14 
44.07 14 
44.08 14 
44.09 14 
44.10 14 
44.11 14 
44.12 14 
44.13 14 
44.14 14 
44.15 14 
44.16 14 
44.17 14 
44.18 14 
44.19 14 
44.20 14 
44.21 14 
44.22 14 
44.23 14 
44.24 14 
44.25 14 
44.26 14 
44.27 14 
44.28 14 
44.29 14 
44.30 14 
44.31 14 
44.32 14 
44.33 14 
44.34 14 
44.35 14 
44.36 28 
44.37 28 
44.38 28 
44.39 14 
44.40 14 
44.41 14 
44.42 14 
44.43 14 
44.44 14 
44.45 28 
44.46 28 
44.47 28 
44.48 28 
44.49 28 
44.50 28 
44.51 28 
44.52 28 
44.53 28 
44.54 28 
44.55 28 
44.56 28 
44.57 28 
44.58 28 
44.59 28 
44.60 28 
44.61 28 
44.62 28 
44.63 28 
44.64 28 
44.65 14 
44.66 14 
44.67 14 
44.68 14 
44.69 14 
44.70 14 
44.71 14 
44.72 14 
44.73 14 
44.74 14 
44.75 14 
44.76 14 
44.77 14 
44.78 14 
44.79 14 
44.80 14 
44.81 14 
44.82 14 
44.83 14 
44.84 14 
44.85 14 
44.86 14 
44.87 14 
44.88 28 
44.89 28 
44.90 14 
44.91 14 
44.92 14 
44.93 14 
44.94 14 
44.95 14 
44.96 14 
44.97 14 
44.98 14 
44.99 14 
45.00 14 
45.01 14 
45.02 14 
45.03 14 
45.04 14 
45.05 14 
45.06 14 
45.07 14 
45.08 14 
45.09 14 
45.10 14 
45.11 14 
45.12 14 
45.13 14 
45.14 14 
45.15 14 
45.16 14 
45.17 14 
45.18 14 
45.19 14 
45.20 14 
45.21 14 
45.22 14 
45.23 14 
45.24 14 
45.25 14 
45.26 14 
45.27 14 
45.28 14 
45.29 14 
45.30 14 
45.31 14 
45.32 14 
45.33 14 
45.34 14 
45.35 14 
45.36 14 
45.37 14 
45.38 14 
45.39 14 
45.40 14 
45.41 28 
45.42 14 
45.43 14 
45.44 14 
45.45 14 
45.46 14 
45.47 14 
45.48 14 
45.49 14 
45.50 14 
45.51 14 
45.52 14 
45.53 14 
45.54 28 
45.55 14 
45.56 14 
45.57 14 
45.58 14 
45.59 14 
45.60 14 
45.61 14 
45.62 14 
45.63 14 
45.64 14 
45.65 14 
45.66 14 
45.67 14 
45.68 14 
45.69 28 
45.70 28 
45.71 14 
45.72 14 
45.73 14 
45.74 14 
45.75 14 
45.76 14 
45.77 14 
45.78 14 
45.79 14 
45.80 14 
45.81 14 
45.82 14 
45.83 14 
45.84 14 
45.85 14 
45.86 14 
45.87 14 
45.88 14 
45.89 14 
45.90 14 
45.91 14 
45.92 14 
45.93 14 
45.94 14 
45.95 14 
45.96 14 
45.97 14 
45.98 14 
45.99 14 
46.00 14 
46.01 14 
46.02 14 
46.03 28 
46.04 28 
46.05 28 
46.06 28 
46.07 28 
46.08 28 
46.09 28 
46.10 28 
46.11 14 
46.12 14 
46.13 14 
46.14 14 
46.15 14 
46.16 14 
46.17 14 
46.18 14 
46.19 14 
46.20 14 
46.21 14 
46.22 14 
46.23 14 
46.24 14 
46.25 14 
46.26 14 
46.27 14 
46.28 14 
46.29 14 
46.30 28 
46.31 14 
46.32 14 
46.33 14 
46.34 14 
46.35 14 
46.36 14 
46.37 28 
46.38 14 
46.39 14 
46.40 14 
46.41 14 
46.42 14 
46.43 14 
46.44 14 
46.45 14 
46.46 14 
46.47 14 
46.48 14 
46.49 14 
46.50 14 
46.51 14 
46.52 14 
46.53 14 
46.54 14 
46.55 14 
46.56 14 
46.57 14 
46.58 14 
46.59 14 
46.60 14 
46.61 14 
46.62 14 
46.63 14 
46.64 14 
46.65 14 
46.66 14 
46.67 14 
46.68 14 
46.69 14 
46.70 14 
46.71 14 
46.72 14 
46.73 14 
46.74 14 
46.75 14 
46.76 14 
46.77 14 
46.78 14 
46.79 14 
46.80 14 
46.81 14 
46.82 14 
46.83 14 
46.84 14 
46.85 14 
46.86 28 
46.87 28 
46.88 28 
46.89 28 
46.90 14 
46.91 14 
46.92 14 
46.93 14 
46.94 14 
46.95 14 
46.96 14 
46.97 14 
46.98 14 
46.99 42 
47.00 42 
47.01 42 
47.02 42 
47.03 42 
47.04 42 
47.05 42 
47.06 42 
47.07 42 
47.08 42 
47.09 14 
47.10 14 
47.11 14 
47.12 14 
47.13 14 
47.14 14 
47.15 14 
47.16 14 
47.17 14 
47.18 14 
47.19 14 
47.20 14 
47.21 14 
47.22 14 
47.23 14 
47.24 14 
47.25 14 
47.26 14 
47.27 14 
47.28 14 
47.29 14 
47.30 14 
47.31 14 
47.32 14 
47.33 14 
47.34 14 
47.35 14 
47.36 14 
47.37 14 
47.38 14 
47.39 14 
47.40 14 
47.41 14 
47.42 14 
47.43 14 
47.44 14 
47.45 14 
47.46 14 
47.47 14 
47.48 14 
47.49 14 
47.50 14 
47.51 28 
47.52 28 
47.53 14 
47.54 14 
47.55 14 
47.56 14 
47.57 14 
47.58 14 
47.59 14 
47.60 14 
47.61 14 
47.62 14 
47.63 14 
47.64 14 
47.65 14 
47.66 14 
47.67 14 
47.68 14 
47.69 14 
47.70 14 
47.71 14 
47.72 14 
47.73 14 
47.74 14 
47.75 14 
47.76 28 
47.77 28 
47.78 28 
47.79 28 
47.80 28 
47.81 14 
47.82 14 
47.83 14 
47.84 14 
47.85 14 
47.86 28 
47.87 28 
47.88 14 
47.89 56 
47.90 14 
47.91 14 
47.92 28 
47.93 28 
47.94 28 
47.95 14 
47.96 14 
47.97 14 
47.98 14 
47.99 14 
48.00 14 
48.01 14 
48.02 14 
48.03 14 
48.04 14 
48.05 14 
48.06 14 
48.07 14 
48.08 14 
48.09 14 
48.10 14 
48.11 14 
48.12 14 
48.13 14 
48.14 14 
48.15 14 
48.16 14 
48.17 14 
48.18 14 
48.19 14 
48.20 14 
48.21 14 
48.22 14 
48.23 14 
48.24 14 
48.25 14 
48.26 14 
48.27 14 
48.28 14 
48.29 14 
48.30 14 
48.31 14 
48.32 14 
48.33 14 
48.34 14 
48.35 14 
48.36 14 
48.37 14 
48.38 14 
48.39 14 
48.40 14 
48.41 28 
48.42 14 
48.43 14 
48.44 14 
48.45 14 
48.46 14 
48.47 14 
48.48 14 
48.49 14 
48.50 14 
48.51 28 
48.52 14 
48.53 14 
48.54 14 
48.55 14 
48.56 14 
48.57 14 
48.58 14 
48.59 14 
48.60 14 
48.61 14 
48.62 14 
48.63 14 
48.64 14 
48.65 14 
48.66 14 
48.67 14 
48.68 14 
48.69 14 
48.70 14 
48.71 14 
48.72 14 
48.73 14 
48.74 14 
48.75 14 
48.76 14 
48.77 14 
48.78 14 
48.79 14 
48.80 14 
48.81 14 
48.82 14 
48.83 14 
48.84 14 
48.85 14 
48.86 42 
48.87 42 
48.88 42 
48.89 42 
48.90 42 
48.91 42 
48.92 42 
48.93 14 
48.94 14 
48.95 14 
48.96 28 
48.97 28 
48.98 28 
48.99 28 
49.00 28 
49.01 28 
49.02 28 
49.03 28 
49.04 28 
49.05 28 
49.06 28 
49.07 14 
49.08 14 
49.09 14 
49.10 14 
49.11 14 
49.12 14 
49.13 14 
49.14 14 
49.15 14 
49.16 14 
49.17 14 
49.18 14 
49.19 14 
49.20 14 
49.21 14 
49.22 14 
49.23 14 
49.24 14 
49.25 14 
49.26 14 
49.27 14 
49.28 14 
49.29 14 
49.30 14 
49.31 28 
49.32 28 
49.33 28 
49.34 28 
49.35 28 
49.36 28 
49.37 14 
49.38 14 
49.39 14 
49.40 28 
49.41 14 
49.42 14 
49.43 28 
49.44 28 
49.45 28 
49.46 28 
49.47 28 
49.48 28 
49.49 28 
49.50 28 
49.51 28 
49.52 14 
49.53 14 
49.54 14 
49.55 14 
49.56 14 
49.57 14 
49.58 14 
49.59 14 
49.60 14 
49.61 14 
49.62 14 
49.63 14 
49.64 14 
49.65 14 
49.66 14 
49.67 14 
49.68 14 
49.69 14 
49.70 14 
49.71 14 
49.72 14 
49.73 14 
49.74 42 
49.75 14 
49.76 28 
49.77 14 
49.78 14 
49.79 14 
49.80 14 
49.81 14 
49.82 14 
49.83 14 
49.84 14 
49.85 28 
49.86 14 
49.87 28 
49.88 28 
49.89 14 
49.90 14 
49.91 14 
49.92 14 
49.93 14 
49.94 14 
49.95 42 
49.96 42 
49.97 28 
49.98 28 
49.99 56 
50.00 139 
50.01 83 
50.02 76 
50.03 69 
50.04 56 
50.05 139 
50.06 125 
50.07 56 
50.08 194 
50.09 181 
50.10 139 
50.11 97 
50.12 90 
50.13 83 
50.14 222 
50.15 222 
50.16 222 
50.17 222 
50.18 111 
50.19 28 
50.20 56 
50.21 181 
50.22 97 
50.23 83 
50.24 97 
50.25 97 
50.26 97 
50.27 56 
50.28 97 
50.29 69 
50.30 83 
50.31 42 
50.32 69 
50.33 14 
50.34 14 
50.35 14 
50.36 14 
50.37 14 
50.38 14 
50.39 14 
50.40 42 
50.41 42 
50.42 42 
50.43 42 
50.44 14 
50.45 14 
50.46 14 
50.47 14 
50.48 14 
50.49 28 
50.50 28 
50.51 28 
50.52 28 
50.53 28 
50.54 28 
50.55 28 
50.56 14 
50.57 28 
50.58 14 
50.59 14 
50.60 14 
50.61 14 
50.62 14 
50.63 14 
50.64 14 
50.65 14 
50.66 14 
50.67 14 
50.68 14 
50.69 14 
50.70 14 
50.71 14 
50.72 14 
50.73 14 
50.74 14 
50.75 14 
50.76 14 
50.77 14 
50.78 14 
50.79 14 
50.80 14 
50.81 28 
50.82 28 
50.83 28 
50.84 28 
50.85 28 
50.86 14 
50.87 14 
50.88 14 
50.89 14 
50.90 14 
50.91 14 
50.92 14 
50.93 14 
50.94 14 
50.95 14 
50.96 14 
50.97 14 
50.98 14 
50.99 14 
51.00 14 
51.01 14 
51.02 14 
51.03 14 
51.04 14 
51.05 14 
51.06 14 
51.07 14 
51.08 14 
51.09 14 
51.10 14 
51.11 14 
51.12 14 
51.13 14 
51.14 14 
51.15 14 
51.16 14 
51.17 14 
51.18 14 
51.19 14 
51.20 14 
51.21 14 
51.22 14 
51.23 14 
51.24 14 
51.25 14 
51.26 14 
51.27 14 
51.28 14 
51.29 14 
51.30 14 
51.31 14 
51.32 14 
51.33 14 
51.34 14 
51.35 14 
51.36 14 
51.37 14 
51.38 14 
51.39 28 
51.40 28 
51.41 28 
51.42 28 
51.43 28 
51.44 28 
51.45 28 
51.46 28 
51.47 14 
51.48 14 
51.49 14 
51.50 14 
51.51 14 
51.52 14 
51.53 14 
51.54 14 
51.55 14 
51.56 14 
51.57 14 
51.58 14 
51.59 14 
51.60 14 
51.61 14 
51.62 14 
51.63 14 
51.64 28 
51.65 28 
51.66 28 
51.67 28 
51.68 14 
51.69 14 
51.70 14 
51.71 14 
51.72 14 
51.73 14 
51.74 14 
51.75 14 
51.76 14 
51.77 14 
51.78 14 
51.79 14 
51.80 14 
51.81 14 
51.82 14 
51.83 14 
51.84 14 
51.85 14 
51.86 14 
51.87 14 
51.88 14 
51.89 14 
51.90 14 
51.91 14 
51.92 14 
51.93 14 
51.94 14 
51.95 14 
51.96 28 
51.97 14 
51.98 14 
51.99 14 
52.00 14 
52.01 14 
52.02 14 
52.03 14 
52.04 14 
52.05 14 
52.06 14 
52.07 14 
52.08 14 
52.09 14 
52.10 14 
52.11 14 
52.12 14 
52.13 14 
52.14 14 
52.15 14 
52.16 14 
52.17 14 
52.18 14 
52.19 14 
52.20 14 
52.21 14 
52.22 14 
52.23 14 
52.24 14 
52.25 14 
52.26 14 
52.27 14 
52.28 14 
52.29 14 
52.30 14 
52.31 14 
52.32 14 
52.33 14 
52.34 14 
52.35 14 
52.36 14 
52.37 14 
52.38 14 
52.39 14 
52.40 14 
52.41 14 
52.42 14 
52.43 14 
52.44 14 
52.45 14 
52.46 14 
52.47 14 
52.48 14 
52.49 14 
52.50 14 
52.51 14 
52.52 14 
52.53 14 
52.54 14 
52.55 14 
52.56 14 
52.57 14 
52.58 14 
52.59 14 
52.60 14 
52.61 14 
52.62 14 
52.63 14 
52.64 14 
52.65 14 
52.66 14 
52.67 14 
52.68 14 
52.69 14 
52.70 14 
52.71 14 
52.72 14 
52.73 14 
52.74 14 
52.75 14 
52.76 14 
52.77 14 
52.78 14 
52.79 14 
52.80 14 
52.81 14 
52.82 14 
52.83 14 
52.84 14 
52.85 14 
52.86 14 
52.87 14 
52.88 14 
52.89 14 
52.90 14 
52.91 14 
52.92 14 
52.93 14 
52.94 14 
52.95 14 
52.96 14 
52.97 14 
52.98 14 
52.99 14 
53.00 14 
53.01 14 
53.02 14 
53.03 14 
53.04 14 
53.05 14 
53.06 14 
53.07 14 
53.08 14 
53.09 14 
53.10 14 
53.11 14 
53.12 14 
53.13 14 
53.14 14 
53.15 14 
53.16 14 
53.17 14 
53.18 14 
53.19 14 
53.20 14 
53.21 14 
53.22 14 
53.23 14 
53.24 14 
53.25 14 
53.26 28 
53.27 14 
53.28 14 
53.29 14 
53.30 14 
53.31 14 
53.32 14 
53.33 14 
53.34 14 
53.35 14 
53.36 28 
53.37 28 
53.38 28 
53.39 28 
53.40 28 
53.41 28 
53.42 14 
53.43 14 
53.44 14 
53.45 14 
53.46 14 
53.47 14 
53.48 14 
53.49 14 
53.50 14 
53.51 14 
53.52 14 
53.53 14 
53.54 14 
53.55 28 
53.56 28 
53.57 28 
53.58 28 
53.59 28 
53.60 28 
53.61 28 
53.62 28 
53.63 28 
53.64 14 
53.65 14 
53.66 14 
53.67 14 
53.68 14 
53.69 14 
53.70 14 
53.71 14 
53.72 14 
53.73 14 
53.74 14 
53.75 14 
53.76 14 
53.77 14 
53.78 14 
53.79 14 
53.80 14 
53.81 14 
53.82 14 
53.83 14 
53.84 14 
53.85 14 
53.86 14 
53.87 14 
53.88 14 
53.89 14 
53.90 14 
53.91 14 
53.92 14 
53.93 14 
53.94 14 
53.95 14 
53.96 14 
53.97 14 
53.98 14 
53.99 14 
54.00 14 
54.01 14 
54.02 14 
54.03 14 
54.04 14 
54.05 14 
54.06 14 
54.07 14 
54.08 14 
54.09 14 
54.10 14 
54.11 14 
54.12 14 
54.13 14 
54.14 14 
54.15 14 
54.16 14 
54.17 14 
54.18 14 
54.19 14 
54.20 14 
54.21 14 
54.22 14 
54.23 14 
54.24 14 
54.25 14 
54.26 14 
54.27 28 
54.28 14 
54.29 14 
54.30 14 
54.31 14 
54.32 14 
54.33 14 
54.34 14 
54.35 14 
54.36 14 
54.37 14 
54.38 14 
54.39 14 
54.40 28 
54.41 14 
54.42 14 
54.43 14 
54.44 14 
54.45 14 
54.46 14 
54.47 14 
54.48 14 
54.49 14 
54.50 14 
54.51 14 
54.52 14 
54.53 14 
54.54 14 
54.55 14 
54.56 14 
54.57 14 
54.58 14 
54.59 14 
54.60 14 
54.61 14 
54.62 14 
54.63 14 
54.64 14 
54.65 14 
54.66 14 
54.67 14 
54.68 14 
54.69 14 
54.70 14 
54.71 14 
54.72 14 
54.73 14 
54.74 14 
54.75 14 
54.76 14 
54.77 14 
54.78 14 
54.79 14 
54.80 14 
54.81 14 
54.82 14 
54.83 14 
54.84 14 
54.85 14 
54.86 14 
54.87 14 
54.88 14 
54.89 14 
54.90 14 
54.91 14 
54.92 14 
54.93 14 
54.94 14 
54.95 14 
54.96 14 
54.97 14 
54.98 14 
54.99 14 
55.00 14 
55.01 14 
55.02 14 
55.03 14 
55.04 14 
55.05 14 
55.06 14 
55.07 14 
55.08 14 
55.09 14 
55.10 14 
55.11 14 
55.12 14 
55.13 14 
55.14 14 
55.15 14 
55.16 14 
55.17 14 
55.18 14 
55.19 14 
55.20 14 
55.21 14 
55.22 14 
55.23 14 
55.24 14 
55.25 14 
55.26 14 
55.27 14 
55.28 14 
55.29 14 
55.30 14 
55.31 14 
55.32 14 
55.33 14 
55.34 14 
55.35 14 
55.36 14 
55.37 14 
55.38 14 
55.39 14 
55.40 14 
55.41 14 
55.42 14 
55.43 14 
55.44 14 
55.45 14 
55.46 14 
55.47 14 
55.48 14 
55.49 14 
55.50 14 
55.51 14 
55.52 14 
55.53 28 
55.54 28 
55.55 28 
55.56 28 
55.57 28 
55.58 28 
55.59 28 
55.60 28 
55.61 28 
55.62 28 
55.63 28 
55.64 28 
55.65 28 
55.66 28 
55.67 28 
55.68 28 
55.69 28 
55.70 28 
55.71 28 
55.72 14 
55.73 14 
55.74 14 
55.75 14 
55.76 14 
55.77 28 
55.78 28 
55.79 28 
55.80 28 
55.81 14 
55.82 14 
55.83 14 
55.84 14 
55.85 14 
55.86 14 
55.87 14 
55.88 14 
55.89 14 
55.90 14 
55.91 14 
55.92 14 
55.93 14 
55.94 14 
55.95 14 
55.96 14 
55.97 14 
55.98 14 
55.99 14 
56.00 14 
56.01 14 
56.02 14 
56.03 14 
56.04 14 
56.05 14 
56.06 28 
56.07 28 
56.08 28 
56.09 28 
56.10 28 
56.11 28 
56.12 14 
56.13 14 
56.14 14 
56.15 14 
56.16 14 
56.17 14 
56.18 14 
56.19 14 
56.20 14 
56.21 14 
56.22 14 
56.23 14 
56.24 14 
56.25 14 
56.26 14 
56.27 14 
56.28 14 
56.29 14 
56.30 14 
56.31 14 
56.32 14 
56.33 14 
56.34 14 
56.35 14 
56.36 14 
56.37 14 
56.38 14 
56.39 14 
56.40 14 
56.41 14 
56.42 14 
56.43 14 
56.44 14 
56.45 14 
56.46 28 
56.47 28 
56.48 28 
56.49 14 
56.50 28 
56.51 14 
56.52 14 
56.53 14 
56.54 14 
56.55 14 
56.56 14 
56.57 14 
56.58 14 
56.59 14 
56.60 14 
56.61 14 
56.62 14 
56.63 14 
56.64 14 
56.65 14 
56.66 14 
56.67 14 
56.68 14 
56.69 28 
56.70 28 
56.71 14 
56.72 28 
56.73 28 
56.74 28 
56.75 28 
56.76 14 
56.77 14 
56.78 14 
56.79 14 
56.80 14 
56.81 14 
56.82 14 
56.83 14 
56.84 14 
56.85 14 
56.86 14 
56.87 14 
56.88 14 
56.89 14 
56.90 14 
56.91 14 
56.92 28 
56.93 28 
56.94 28 
56.95 28 
56.96 28 
56.97 28 
56.98 28 
56.99 28 
57.00 14 
57.01 14 
57.02 14 
57.03 14 
57.04 14 
57.05 14 
57.06 14 
57.07 14 
57.08 14 
57.09 14 
57.10 14 
57.11 28 
57.12 28 
57.13 14 
57.14 14 
57.15 14 
57.16 14 
57.17 14 
57.18 14 
57.19 14 
57.20 28 
57.21 28 
57.22 14 
57.23 14 
57.24 14 
57.25 14 
57.26 14 
57.27 14 
57.28 14 
57.29 56 
57.30 14 
57.31 14 
57.32 14 
57.33 14 
57.34 14 
57.35 14 
57.36 14 
57.37 14 
57.38 14 
57.39 14 
57.40 14 
57.41 14 
57.42 14 
57.43 14 
57.44 14 
57.45 14 
57.46 14 
57.47 14 
57.48 14 
57.49 14 
57.50 14 
57.51 14 
57.52 14 
57.53 14 
57.54 14 
57.55 14 
57.56 14 
57.57 14 
57.58 14 
57.59 14 
57.60 14 
57.61 14 
57.62 14 
57.63 14 
57.64 14 
57.65 14 
57.66 14 
57.67 14 
57.68 14 
57.69 14 
57.70 28 
57.71 28 
57.72 14 
57.73 14 
57.74 14 
57.75 14 
57.76 14 
57.77 28 
57.78 28 
57.79 28 
57.80 28 
57.81 28 
57.82 28 
57.83 28 
57.84 14 
57.85 28 
57.86 28 
57.87 28 
57.88 56 
57.89 56 
57.90 56 
57.91 14 
57.92 14 
57.93 14 
57.94 14 
57.95 14 
57.96 14 
57.97 14 
57.98 14 
57.99 14 
58.00 14 
58.01 14 
58.02 14 
58.03 14 
58.04 14 
58.05 14 
58.06 14 
58.07 14 
58.08 14 
58.09 14 
58.10 14 
58.11 14 
58.12 28 
58.13 14 
58.14 14 
58.15 28 
58.16 28 
58.17 14 
58.18 14 
58.19 42 
58.20 42 
58.21 42 
58.22 42 
58.23 42 
58.24 14 
58.25 14 
58.26 14 
58.27 14 
58.28 14 
58.29 14 
58.30 14 
58.31 14 
58.32 42 
58.33 42 
58.34 14 
58.35 42 
58.36 14 
58.37 14 
58.38 28 
58.39 14 
58.40 14 
58.41 42 
58.42 42 
58.43 14 
58.44 42 
58.45 42 
58.46 28 
58.47 97 
58.48 83 
58.49 69 
58.50 69 
58.51 139 
58.52 139 
58.53 139 
58.54 194 
58.55 167 
58.56 250 
58.57 278 
58.58 194 
58.59 264 
58.60 292 
58.61 167 
58.62 125 
58.63 83 
58.64 28 
58.65 56 
58.66 97 
58.67 153 
58.68 111 
58.69 111 
58.70 125 
58.71 167 
58.72 69 
58.73 42 
58.74 125 
58.75 139 
58.76 97 
58.77 56 
58.78 56 
58.79 28 
58.80 42 
58.81 28 
58.82 42 
58.83 42 
58.84 42 
58.85 42 
58.86 42 
58.87 28 
58.88 14 
58.89 14 
58.90 14 
58.91 14 
58.92 14 
58.93 14 
58.94 14 
58.95 14 
58.96 14 
58.97 14 
58.98 14 
58.99 14 
59.00 14 
59.01 14 
59.02 28 
59.03 28 
59.04 28 
59.05 28 
59.06 14 
59.07 14 
59.08 14 
59.09 14 
59.10 28 
59.11 28 
59.12 14 
59.13 14 
59.14 14 
59.15 14 
59.16 14 
59.17 14 
59.18 14 
59.19 14 
59.20 14 
59.21 14 
59.22 28 
59.23 28 
59.24 28 
59.25 28 
59.26 28 
59.27 14 
59.28 14 
59.29 14 
59.30 14 
59.31 14 
59.32 14 
59.33 14 
59.34 14 
59.35 14 
59.36 14 
59.37 14 
59.38 14 
59.39 14 
59.40 14 
59.41 14 
59.42 14 
59.43 14 
59.44 14 
59.45 14 
59.46 14 
59.47 14 
59.48 14 
59.49 14 
59.50 14 
59.51 14 
59.52 14 
59.53 14 
59.54 14 
59.55 14 
59.56 14 
59.57 14 
59.58 14 
59.59 14 
59.60 14 
59.61 14 
59.62 14 
59.63 14 
59.64 14 
59.65 14 
59.66 14 
59.67 14 
59.68 14 
59.69 14 
59.70 14 
59.71 14 
59.72 14 
59.73 14 
59.74 14 
59.75 14 
59.76 14 
59.77 14 
59.78 14 
59.79 14 
59.80 14 
59.81 14 
59.82 14 
59.83 14 
59.84 14 
59.85 14 
59.86 14 
59.87 14 
59.88 14 
59.89 14 
59.90 14 
59.91 14 
59.92 14 
59.93 14 
59.94 14 
59.95 14 
59.96 14 
59.97 14 
59.98 14 
59.99 14 
60.00 14 
60.01 14 
60.02 14 
60.03 14 
60.04 14 
60.05 14 
60.06 14 
60.07 14 
60.08 14 
60.09 14 
60.10 14 
60.11 14 
60.12 14 
60.13 14 
60.14 14 
60.15 14 
60.16 14 
60.17 14 
60.18 14 
60.19 14 
60.20 14 
60.21 14 
60.22 14 
60.23 14 
60.24 14 
60.25 14 
60.26 14 
60.27 14 
60.28 14 
60.29 14 
60.30 14 
60.31 14 
60.32 14 
60.33 14 
60.34 14 
60.35 14 
60.36 14 
60.37 14 
60.38 14 
60.39 28 
60.40 14 
60.41 14 
60.42 14 
60.43 14 
60.44 14 
60.45 14 
60.46 14 
60.47 14 
60.48 14 
60.49 14 
60.50 14 
60.51 14 
60.52 14 
60.53 14 
60.54 14 
60.55 14 
60.56 14 
60.57 14 
60.58 14 
60.59 14 
60.60 14 
60.61 14 
60.62 14 
60.63 14 
60.64 14 
60.65 14 
60.66 14 
60.67 14 
60.68 14 
60.69 14 
60.70 14 
60.71 14 
60.72 14 
60.73 14 
60.74 14 
60.75 14 
60.76 14 
60.77 14 
60.78 14 
60.79 14 
60.80 14 
60.81 14 
60.82 14 
60.83 14 
60.84 28 
60.85 28 
60.86 28 
60.87 28 
60.88 14 
60.89 14 
60.90 14 
60.91 14 
60.92 14 
60.93 14 
60.94 14 
60.95 14 
60.96 14 
60.97 14 
60.98 14 
60.99 14 
61.00 14 
61.01 14 
61.02 14 
61.03 14 
61.04 14 
61.05 14 
61.06 14 
61.07 14 
61.08 14 
61.09 14 
61.10 14 
61.11 14 
61.12 28 
61.13 28 
61.14 28 
61.15 28 
61.16 28 
61.17 28 
61.18 14 
61.19 14 
61.20 28 
61.21 28 
61.22 28 
61.23 14 
61.24 14 
61.25 14 
61.26 14 
61.27 14 
61.28 14 
61.29 14 
61.30 14 
61.31 14 
61.32 14 
61.33 14 
61.34 14 
61.35 14 
61.36 14 
61.37 14 
61.38 14 
61.39 28 
61.40 28 
61.41 28 
61.42 28 
61.43 14 
61.44 14 
61.45 14 
61.46 14 
61.47 14 
61.48 14 
61.49 14 
61.50 14 
61.51 14 
61.52 14 
61.53 14 
61.54 14 
61.55 14 
61.56 14 
61.57 14 
61.58 14 
61.59 14 
61.60 14 
61.61 14 
61.62 14 
61.63 14 
61.64 14 
61.65 14 
61.66 14 
61.67 14 
61.68 14 
61.69 14 
61.70 14 
61.71 14 
61.72 14 
61.73 14 
61.74 14 
61.75 14 
61.76 14 
61.77 14 
61.78 14 
61.79 14 
61.80 14 
61.81 14 
61.82 14 
61.83 14 
61.84 14 
61.85 14 
61.86 14 
61.87 14 
61.88 14 
61.89 14 
61.90 14 
61.91 14 
61.92 14 
61.93 14 
61.94 28 
61.95 28 
61.96 28 
61.97 28 
61.98 28 
61.99 28 
62.00 14 
62.01 14 
62.02 14 
62.03 14 
62.04 14 
62.05 14 
62.06 14 
62.07 14 
62.08 14 
62.09 14 
62.10 14 
62.11 14 
62.12 14 
62.13 14 
62.14 14 
62.15 14 
62.16 14 
62.17 14 
62.18 14 
62.19 14 
62.20 14 
62.21 14 
62.22 14 
62.23 14 
62.24 14 
62.25 14 
62.26 14 
62.27 14 
62.28 14 
62.29 14 
62.30 14 
62.31 14 
62.32 14 
62.33 14 
62.34 14 
62.35 14 
62.36 14 
62.37 14 
62.38 14 
62.39 14 
62.40 14 
62.41 14 
62.42 14 
62.43 14 
62.44 14 
62.45 14 
62.46 14 
62.47 14 
62.48 14 
62.49 14 
62.50 14 
62.51 14 
62.52 14 
62.53 14 
62.54 14 
62.55 14 
62.56 14 
62.57 14 
62.58 14 
62.59 14 
62.60 14 
62.61 14 
62.62 14 
62.63 14 
62.64 14 
62.65 14 
62.66 14 
62.67 14 
62.68 14 
62.69 14 
62.70 14 
62.71 14 
62.72 14 
62.73 14 
62.74 14 
62.75 14 
62.76 14 
62.77 14 
62.78 14 
62.79 14 
62.80 14 
62.81 14 
62.82 14 
62.83 14 
62.84 14 
62.85 14 
62.86 14 
62.87 14 
62.88 28 
62.89 28 
62.90 28 
62.91 28 
62.92 14 
62.93 14 
62.94 14 
62.95 14 
62.96 28 
62.97 28 
62.98 28 
62.99 28 
63.00 28 
63.01 28 
63.02 28 
63.03 28 
63.04 28 
63.05 28 
63.06 14 
63.07 14 
63.08 14 
63.09 14 
63.10 14 
63.11 14 
63.12 14 
63.13 14 
63.14 14 
63.15 14 
63.16 14 
63.17 14 
63.18 14 
63.19 14 
63.20 14 
63.21 14 
63.22 14 
63.23 14 
63.24 14 
63.25 14 
63.26 14 
63.27 14 
63.28 28 
63.29 28 
63.30 28 
63.31 14 
63.32 14 
63.33 14 
63.34 14 
63.35 14 
63.36 14 
63.37 14 
63.38 14 
63.39 14 
63.40 14 
63.41 14 
63.42 14 
63.43 56 
63.44 56 
63.45 56 
63.46 56 
63.47 56 
63.48 14 
63.49 14 
63.50 14 
63.51 14 
63.52 14 
63.53 14 
63.54 14 
63.55 14 
63.56 14 
63.57 14 
63.58 14 
63.59 14 
63.60 14 
63.61 14 
63.62 14 
63.63 14 
63.64 14 
63.65 14 
63.66 14 
63.67 14 
63.68 14 
63.69 14 
63.70 14 
63.71 14 
63.72 14 
63.73 14 
63.74 14 
63.75 14 
63.76 14 
63.77 14 
63.78 14 
63.79 14 
63.80 14 
63.81 14 
63.82 14 
63.83 14 
63.84 28 
63.85 28 
63.86 28 
63.87 14 
63.88 14 
63.89 14 
63.90 14 
63.91 14 
63.92 28 
63.93 28 
63.94 28 
63.95 14 
63.96 14 
63.97 14 
63.98 14 
63.99 14 
64.00 14 
64.01 14 
64.02 14 
64.03 14 
64.04 14 
64.05 14 
64.06 14 
64.07 14 
64.08 14 
64.09 14 
64.10 14 
64.11 14 
64.12 14 
64.13 14 
64.14 14 
64.15 14 
64.16 14 
64.17 14 
64.18 14 
64.19 14 
64.20 14 
64.21 14 
64.22 14 
64.23 14 
64.24 14 
64.25 14 
64.26 14 
64.27 14 
64.28 14 
64.29 14 
64.30 14 
64.31 14 
64.32 14 
64.33 14 
64.34 14 
64.35 14 
64.36 14 
64.37 14 
64.38 14 
64.39 14 
64.40 14 
64.41 14 
64.42 14 
64.43 14 
64.44 14 
64.45 14 
64.46 14 
64.47 28 
64.48 28 
64.49 28 
64.50 28 
64.51 28 
64.52 28 
64.53 14 
64.54 14 
64.55 42 
64.56 42 
64.57 42 
64.58 14 
64.59 14 
64.60 14 
64.61 28 
64.62 28 
64.63 14 
64.64 14 
64.65 14 
64.66 14 
64.67 14 
64.68 14 
64.69 14 
64.70 14 
64.71 14 
64.72 14 
64.73 14 
64.74 14 
64.75 14 
64.76 14 
64.77 14 
64.78 14 
64.79 14 
64.80 28 
64.81 14 
64.82 14 
64.83 14 
64.84 14 
64.85 14 
64.86 14 
64.87 14 
64.88 14 
64.89 14 
64.90 14 
64.91 14 
64.92 14 
64.93 14 
64.94 14 
64.95 14 
64.96 14 
64.97 28 
64.98 28 
64.99 28 
65.00 28 
65.01 28 
65.02 14 
65.03 28 
65.04 28 
65.05 14 
65.06 14 
65.07 14 
65.08 14 
65.09 14 
65.10 14 
65.11 14 
65.12 14 
65.13 14 
65.14 14 
65.15 14 
65.16 14 
65.17 28 
65.18 28 
65.19 28 
65.20 28 
65.21 28 
65.22 28 
65.23 28 
65.24 28 
65.25 14 
65.26 14 
65.27 28 
65.28 28 
65.29 14 
65.30 14 
65.31 14 
65.32 14 
65.33 14 
65.34 14 
65.35 14 
65.36 14 
65.37 14 
65.38 14 
65.39 14 
65.40 14 
65.41 14 
65.42 14 
65.43 42 
65.44 42 
65.45 14 
65.46 14 
65.47 14 
65.48 14 
65.49 14 
65.50 14 
65.51 14 
65.52 28 
65.53 28 
65.54 28 
65.55 28 
65.56 14 
65.57 28 
65.58 28 
65.59 28 
65.60 14 
65.61 14 
65.62 14 
65.63 28 
65.64 14 
65.65 14 
65.66 14 
65.67 28 
65.68 28 
65.69 28 
65.70 14 
65.71 14 
65.72 14 
65.73 14 
65.74 14 
65.75 28 
65.76 14 
65.77 14 
65.78 14 
65.79 14 
65.80 28 
65.81 28 
65.82 28 
65.83 28 
65.84 14 
65.85 14 
65.86 14 
65.87 28 
65.88 28 
65.89 14 
65.90 42 
65.91 42 
65.92 14 
65.93 14 
65.94 14 
65.95 14 
65.96 28 
65.97 28 
65.98 14 
65.99 14 
66.00 14 
66.01 14 
66.02 14 
66.03 42 
66.04 14 
66.05 42 
66.06 42 
66.07 14 
66.08 14 
66.09 14 
66.10 42 
66.11 42 
66.12 14 
66.13 14 
66.14 14 
66.15 14 
66.16 42 
66.17 83 
66.18 56 
66.19 42 
66.20 69 
66.21 69 
66.22 69 
66.23 56 
66.24 97 
66.25 167 
66.26 208 
66.27 139 
66.28 146 
66.29 153 
66.30 306 
66.31 194 
66.32 201 
66.33 208 
66.34 208 
66.35 208 
66.36 194 
66.37 153 
66.38 153 
66.39 139 
66.40 28 
66.41 83 
66.42 153 
66.43 56 
66.44 97 
66.45 153 
66.46 28 
66.47 83 
66.48 56 
66.49 97 
66.50 97 
66.51 97 
66.52 97 
66.53 56 
66.54 83 
66.55 83 
66.56 56 
66.57 56 
66.58 97 
66.59 42 
66.60 35 
66.61 28 
66.62 28 
66.63 28 
66.64 28 
66.65 42 
66.66 28 
66.67 28 
66.68 14 
66.69 28 
66.70 14 
66.71 14 
66.72 14 
66.73 14 
66.74 42 
66.75 42 
66.76 14 
66.77 14 
66.78 14 
66.79 14 
66.80 14 
66.81 28 
66.82 14 
66.83 14 
66.84 14 
66.85 14 
66.86 14 
66.87 14 
66.88 14 
66.89 14 
66.90 14 
66.91 28 
66.92 28 
66.93 14 
66.94 14 
66.95 14 
66.96 14 
66.97 14 
66.98 14 
66.99 14 
67.00 14 
67.01 28 
67.02 14 
67.03 14 
67.04 14 
67.05 14 
67.06 14 
67.07 14 
67.08 14 
67.09 14 
67.10 14 
67.11 14 
67.12 14 
67.13 14 
67.14 14 
67.15 14 
67.16 14 
67.17 28 
67.18 28 
67.19 14 
67.20 14 
67.21 14 
67.22 14 
67.23 14 
67.24 14 
67.25 14 
67.26 14 
67.27 14 
67.28 14 
67.29 28 
67.30 14 
67.31 14 
67.32 14 
67.33 14 
67.34 14 
67.35 14 
67.36 14 
67.37 14 
67.38 14 
67.39 14 
67.40 14 
67.41 14 
67.42 14 
67.43 14 
67.44 14 
67.45 14 
67.46 14 
67.47 14 
67.48 14 
67.49 14 
67.50 14 
67.51 14 
67.52 14 
67.53 14 
67.54 14 
67.55 14 
67.56 14 
67.57 14 
67.58 14 
67.59 14 
67.60 14 
67.61 14 
67.62 14 
67.63 14 
67.64 14 
67.65 14 
67.66 14 
67.67 14 
67.68 14 
67.69 14 
67.70 14 
67.71 14 
67.72 14 
67.73 14 
67.74 14 
67.75 14 
67.76 14 
67.77 14 
67.78 14 
67.79 14 
67.80 14 
67.81 14 
67.82 14 
67.83 14 
67.84 14 
67.85 14 
67.86 14 
67.87 28 
67.88 14 
67.89 14 
67.90 14 
67.91 14 
67.92 14 
67.93 14 
67.94 14 
67.95 14 
67.96 14 
67.97 14 
67.98 14 
67.99 14 
68.00 14 
68.01 14 
68.02 14 
68.03 14 
68.04 14 
68.05 14 
68.06 14 
68.07 14 
68.08 14 
68.09 14 
68.10 14 
68.11 14 
68.12 14 
68.13 14 
68.14 14 
68.15 28 
68.16 28 
68.17 28 
68.18 28 
68.19 28 
68.20 28 
68.21 28 
68.22 28 
68.23 28 
68.24 28 
68.25 28 
68.26 28 
68.27 28 
68.28 28 
68.29 28 
68.30 28 
68.31 28 
68.32 28 
68.33 28 
68.34 14 
68.35 14 
68.36 14 
68.37 14 
68.38 14 
68.39 14 
68.40 14 
68.41 14 
68.42 28 
68.43 28 
68.44 14 
68.45 14 
68.46 14 
68.47 14 
68.48 14 
68.49 14 
68.50 14 
68.51 14 
68.52 14 
68.53 14 
68.54 14 
68.55 14 
68.56 14 
68.57 14 
68.58 14 
68.59 14 
68.60 14 
68.61 14 
68.62 14 
68.63 14 
68.64 14 
68.65 14 
68.66 14 
68.67 14 
68.68 14 
68.69 14 
68.70 14 
68.71 14 
68.72 14 
68.73 14 
68.74 14 
68.75 14 
68.76 14 
68.77 14 
68.78 14 
68.79 14 
68.80 14 
68.81 14 
68.82 28 
68.83 14 
68.84 14 
68.85 14 
68.86 14 
68.87 14 
68.88 14 
68.89 14 
68.90 14 
68.91 14 
68.92 14 
68.93 14 
68.94 14 
68.95 14 
68.96 14 
68.97 14 
68.98 14 
68.99 14 
69.00 14 
69.01 14 
69.02 28 
69.03 28 
69.04 28 
69.05 28 
69.06 28 
69.07 28 
69.08 28 
69.09 28 
69.10 28 
69.11 28 
69.12 28 
69.13 28 
69.14 28 
69.15 28 
69.16 28 
69.17 28 
69.18 28 
69.19 28 
69.20 14 
69.21 14 
69.22 14 
69.23 14 
69.24 14 
69.25 14 
69.26 14 
69.27 14 
69.28 14 
69.29 14 
69.30 14 
69.31 28 
69.32 28 
69.33 14 
69.34 14 
69.35 14 
69.36 14 
69.37 14 
69.38 14 
69.39 14 
69.40 14 
69.41 14 
69.42 28 
69.43 28 
69.44 28 
69.45 14 
69.46 14 
69.47 14 
69.48 14 
69.49 14 
69.50 14 
69.51 14 
69.52 14 
69.53 14 
69.54 14 
69.55 14 
69.56 14 
69.57 14 
69.58 14 
69.59 14 
69.60 14 
69.61 14 
69.62 28 
69.63 28 
69.64 28 
69.65 14 
69.66 14 
69.67 14 
69.68 14 
69.69 14 
69.70 14 
69.71 14 
69.72 14 
69.73 14 
69.74 14 
69.75 14 
69.76 14 
69.77 14 
69.78 14 
69.79 14 
69.80 14 
69.81 14 
69.82 14 
69.83 14 
69.84 14 
69.85 14 
69.86 14 
69.87 14 
69.88 14 
69.89 14 
69.90 28 
69.91 28 
69.92 28 
69.93 14 
69.94 14 
69.95 14 
69.96 28 
69.97 28 
69.98 28 
69.99 28 
