实验日期:2022-3-9
文件名:d:\我的文档\桌面\jwf\Nacl1.TXT
样品名:Nacl1
实验者: 
起始角= 20 
终止角= 70 
步宽= .02 
波长=1.5406
 30 kV,  15 mA
20.00 7 
20.02 7 
20.04 7 
20.06 14 
20.08 14 
20.10 14 
20.12 7 
20.14 7 
20.16 21 
20.18 14 
20.20 14 
20.22 7 
20.24 7 
20.26 7 
20.28 7 
20.30 7 
20.32 7 
20.34 7 
20.36 7 
20.38 7 
20.40 7 
20.42 7 
20.44 7 
20.46 7 
20.48 14 
20.50 21 
20.52 21 
20.54 7 
20.56 14 
20.58 7 
20.60 7 
20.62 7 
20.64 14 
20.66 7 
20.68 7 
20.70 7 
20.72 7 
20.74 7 
20.76 7 
20.78 7 
20.80 7 
20.82 7 
20.84 7 
20.86 21 
20.88 21 
20.90 21 
20.92 14 
20.94 14 
20.96 7 
20.98 14 
21.00 14 
21.02 14 
21.04 7 
21.06 7 
21.08 7 
21.10 14 
21.12 7 
21.14 7 
21.16 14 
21.18 14 
21.20 7 
21.22 14 
21.24 14 
21.26 7 
21.28 7 
21.30 7 
21.32 21 
21.34 7 
21.36 7 
21.38 7 
21.40 7 
21.42 7 
21.44 7 
21.46 7 
21.48 7 
21.50 14 
21.52 14 
21.54 14 
21.56 21 
21.58 21 
21.60 21 
21.62 14 
21.64 14 
21.66 28 
21.68 7 
21.70 21 
21.72 7 
21.74 14 
21.76 14 
21.78 14 
21.80 14 
21.82 21 
21.84 21 
21.86 14 
21.88 14 
21.90 7 
21.92 7 
21.94 21 
21.96 14 
21.98 14 
22.00 28 
22.02 14 
22.04 14 
22.06 35 
22.08 14 
22.10 7 
22.12 7 
22.14 7 
22.16 7 
22.18 28 
22.20 28 
22.22 7 
22.24 14 
22.26 21 
22.28 14 
22.30 14 
22.32 14 
22.34 7 
22.36 7 
22.38 14 
22.40 14 
22.42 14 
22.44 14 
22.46 7 
22.48 21 
22.50 14 
22.52 14 
22.54 7 
22.56 14 
22.58 7 
22.60 14 
22.62 7 
22.64 7 
22.66 14 
22.68 7 
22.70 7 
22.72 7 
22.74 14 
22.76 14 
22.78 7 
22.80 7 
22.82 7 
22.84 7 
22.86 14 
22.88 14 
22.90 7 
22.92 7 
22.94 7 
22.96 14 
22.98 14 
23.00 7 
23.02 21 
23.04 7 
23.06 7 
23.08 7 
23.10 35 
23.12 35 
23.14 7 
23.16 21 
23.18 14 
23.20 7 
23.22 7 
23.24 14 
23.26 14 
23.28 14 
23.30 21 
23.32 21 
23.34 7 
23.36 7 
23.38 7 
23.40 21 
23.42 7 
23.44 14 
23.46 28 
23.48 14 
23.50 7 
23.52 14 
23.54 7 
23.56 7 
23.58 7 
23.60 7 
23.62 7 
23.64 14 
23.66 14 
23.68 7 
23.70 7 
23.72 7 
23.74 7 
23.76 7 
23.78 7 
23.80 7 
23.82 14 
23.84 14 
23.86 14 
23.88 14 
23.90 14 
23.92 14 
23.94 7 
23.96 7 
23.98 21 
24.00 7 
24.02 14 
24.04 21 
24.06 21 
24.08 14 
24.10 14 
24.12 7 
24.14 14 
24.16 14 
24.18 21 
24.20 14 
24.22 7 
24.24 14 
24.26 14 
24.28 7 
24.30 14 
24.32 7 
24.34 7 
24.36 42 
24.38 7 
24.40 14 
24.42 7 
24.44 7 
24.46 21 
24.48 21 
24.50 14 
24.52 7 
24.54 7 
24.56 7 
24.58 21 
24.60 7 
24.62 14 
24.64 14 
24.66 14 
24.68 14 
24.70 14 
24.72 7 
24.74 7 
24.76 7 
24.78 21 
24.80 7 
24.82 7 
24.84 7 
24.86 28 
24.88 28 
24.90 28 
24.92 7 
24.94 7 
24.96 14 
24.98 14 
25.00 14 
25.02 21 
25.04 21 
25.06 21 
25.08 7 
25.10 7 
25.12 14 
25.14 14 
25.16 14 
25.18 14 
25.20 7 
25.22 7 
25.24 7 
25.26 7 
25.28 7 
25.30 14 
25.32 14 
25.34 14 
25.36 7 
25.38 7 
25.40 7 
25.42 14 
25.44 14 
25.46 7 
25.48 7 
25.50 7 
25.52 7 
25.54 14 
25.56 14 
25.58 14 
25.60 14 
25.62 14 
25.64 14 
25.66 21 
25.68 21 
25.70 7 
25.72 7 
25.74 7 
25.76 7 
25.78 7 
25.80 7 
25.82 7 
25.84 7 
25.86 7 
25.88 7 
25.90 7 
25.92 14 
25.94 14 
25.96 14 
25.98 7 
26.00 7 
26.02 7 
26.04 14 
26.06 7 
26.08 7 
26.10 14 
26.12 14 
26.14 14 
26.16 14 
26.18 7 
26.20 7 
26.22 14 
26.24 7 
26.26 7 
26.28 28 
26.30 14 
26.32 14 
26.34 14 
26.36 14 
26.38 7 
26.40 14 
26.42 14 
26.44 7 
26.46 7 
26.48 7 
26.50 7 
26.52 7 
26.54 14 
26.56 14 
26.58 7 
26.60 14 
26.62 14 
26.64 21 
26.66 7 
26.68 7 
26.70 7 
26.72 7 
26.74 21 
26.76 21 
26.78 21 
26.80 7 
26.82 7 
26.84 28 
26.86 7 
26.88 21 
26.90 21 
26.92 7 
26.94 14 
26.96 14 
26.98 14 
27.00 7 
27.02 21 
27.04 49 
27.06 28 
27.08 21 
27.10 28 
27.12 42 
27.14 83 
27.16 56 
27.18 83 
27.20 118 
27.22 146 
27.24 132 
27.26 104 
27.28 139 
27.30 76 
27.32 69 
27.34 97 
27.36 56 
27.38 49 
27.40 21 
27.42 14 
27.44 14 
27.46 7 
27.48 14 
27.50 7 
27.52 7 
27.54 7 
27.56 7 
27.58 14 
27.60 7 
27.62 7 
27.64 14 
27.66 7 
27.68 7 
27.70 14 
27.72 14 
27.74 14 
27.76 14 
27.78 14 
27.80 7 
27.82 7 
27.84 7 
27.86 7 
27.88 7 
27.90 7 
27.92 7 
27.94 7 
27.96 7 
27.98 7 
28.00 7 
28.02 14 
28.04 7 
28.06 7 
28.08 7 
28.10 21 
28.12 7 
28.14 14 
28.16 7 
28.18 14 
28.20 14 
28.22 7 
28.24 7 
28.26 14 
28.28 7 
28.30 7 
28.32 7 
28.34 7 
28.36 7 
28.38 7 
28.40 7 
28.42 7 
28.44 7 
28.46 7 
28.48 14 
28.50 14 
28.52 7 
28.54 7 
28.56 7 
28.58 14 
28.60 7 
28.62 7 
28.64 7 
28.66 21 
28.68 21 
28.70 21 
28.72 28 
28.74 7 
28.76 14 
28.78 14 
28.80 21 
28.82 7 
28.84 14 
28.86 7 
28.88 7 
28.90 7 
28.92 7 
28.94 14 
28.96 7 
28.98 7 
29.00 7 
29.02 7 
29.04 7 
29.06 7 
29.08 14 
29.10 7 
29.12 7 
29.14 7 
29.16 7 
29.18 7 
29.20 7 
29.22 7 
29.24 7 
29.26 7 
29.28 7 
29.30 7 
29.32 14 
29.34 7 
29.36 21 
29.38 14 
29.40 14 
29.42 7 
29.44 7 
29.46 7 
29.48 7 
29.50 7 
29.52 35 
29.54 14 
29.56 14 
29.58 14 
29.60 7 
29.62 7 
29.64 7 
29.66 7 
29.68 7 
29.70 7 
29.72 7 
29.74 28 
29.76 7 
29.78 7 
29.80 14 
29.82 14 
29.84 14 
29.86 21 
29.88 7 
29.90 7 
29.92 7 
29.94 21 
29.96 7 
29.98 7 
30.00 14 
30.02 7 
30.04 21 
30.06 14 
30.08 14 
30.10 14 
30.12 14 
30.14 28 
30.16 14 
30.18 42 
30.20 35 
30.22 35 
30.24 42 
30.26 35 
30.28 42 
30.30 21 
30.32 21 
30.34 35 
30.36 28 
30.38 49 
30.40 42 
30.42 56 
30.44 21 
30.46 28 
30.48 90 
30.50 42 
30.52 56 
30.54 7 
30.56 42 
30.58 90 
30.60 62 
30.62 35 
30.64 76 
30.66 56 
30.68 49 
30.70 42 
30.72 56 
30.74 49 
30.76 62 
30.78 62 
30.80 35 
30.82 49 
30.84 42 
30.86 90 
30.88 35 
30.90 69 
30.92 28 
30.94 62 
30.96 69 
30.98 62 
31.00 62 
31.02 49 
31.04 76 
31.06 132 
31.08 97 
31.10 76 
31.12 104 
31.14 100 
31.16 97 
31.18 111 
31.20 104 
31.22 108 
31.24 111 
31.26 111 
31.28 104 
31.30 90 
31.32 215 
31.34 208 
31.36 299 
31.38 361 
31.40 389 
31.42 375 
31.44 618 
31.46 965 
31.48 1326 
31.50 2014 
31.52 2528 
31.54 3444 
31.56 3701 
31.58 3722 
31.60 3743 
31.62 3785 
31.64 2944 
31.66 2257 
31.68 1826 
31.70 1222 
31.72 840 
31.74 444 
31.76 354 
31.78 181 
31.80 139 
31.82 118 
31.84 69 
31.86 90 
31.88 104 
31.90 69 
31.92 28 
31.94 21 
31.96 42 
31.98 62 
32.00 35 
32.02 49 
32.04 35 
32.06 35 
32.08 21 
32.10 21 
32.12 21 
32.14 14 
32.16 21 
32.18 21 
32.20 14 
32.22 35 
32.24 21 
32.26 28 
32.28 28 
32.30 28 
32.32 14 
32.34 28 
32.36 7 
32.38 7 
32.40 28 
32.42 28 
32.44 28 
32.46 7 
32.48 14 
32.50 14 
32.52 7 
32.54 21 
32.56 21 
32.58 14 
32.60 14 
32.62 14 
32.64 21 
32.66 7 
32.68 7 
32.70 7 
32.72 14 
32.74 14 
32.76 7 
32.78 7 
32.80 7 
32.82 7 
32.84 7 
32.86 14 
32.88 14 
32.90 7 
32.92 7 
32.94 7 
32.96 7 
32.98 7 
33.00 7 
33.02 21 
33.04 7 
33.06 14 
33.08 7 
33.10 7 
33.12 7 
33.14 7 
33.16 7 
33.18 7 
33.20 7 
33.22 7 
33.24 7 
33.26 21 
33.28 14 
33.30 7 
33.32 14 
33.34 21 
33.36 7 
33.38 14 
33.40 7 
33.42 7 
33.44 7 
33.46 7 
33.48 7 
33.50 14 
33.52 14 
33.54 14 
33.56 14 
33.58 14 
33.60 21 
33.62 21 
33.64 14 
33.66 14 
33.68 7 
33.70 21 
33.72 21 
33.74 7 
33.76 21 
33.78 21 
33.80 7 
33.82 7 
33.84 7 
33.86 14 
33.88 14 
33.90 14 
33.92 14 
33.94 14 
33.96 14 
33.98 14 
34.00 14 
34.02 14 
34.04 21 
34.06 14 
34.08 14 
34.10 14 
34.12 21 
34.14 7 
34.16 7 
34.18 7 
34.20 7 
34.22 7 
34.24 7 
34.26 7 
34.28 14 
34.30 7 
34.32 21 
34.34 21 
34.36 7 
34.38 7 
34.40 7 
34.42 7 
34.44 21 
34.46 21 
34.48 14 
34.50 14 
34.52 14 
34.54 14 
34.56 7 
34.58 28 
34.60 28 
34.62 28 
34.64 7 
34.66 14 
34.68 14 
34.70 14 
34.72 14 
34.74 14 
34.76 14 
34.78 7 
34.80 7 
34.82 14 
34.84 14 
34.86 14 
34.88 14 
34.90 14 
34.92 14 
34.94 7 
34.96 7 
34.98 7 
35.00 7 
35.02 7 
35.04 7 
35.06 7 
35.08 7 
35.10 7 
35.12 14 
35.14 7 
35.16 7 
35.18 7 
35.20 7 
35.22 14 
35.24 14 
35.26 14 
35.28 14 
35.30 14 
35.32 7 
35.34 7 
35.36 7 
35.38 7 
35.40 7 
35.42 7 
35.44 7 
35.46 21 
35.48 14 
35.50 14 
35.52 14 
35.54 14 
35.56 14 
35.58 14 
35.60 7 
35.62 14 
35.64 7 
35.66 7 
35.68 7 
35.70 21 
35.72 7 
35.74 7 
35.76 7 
35.78 7 
35.80 14 
35.82 14 
35.84 14 
35.86 14 
35.88 14 
35.90 14 
35.92 21 
35.94 21 
35.96 7 
35.98 7 
36.00 7 
36.02 7 
36.04 14 
36.06 21 
36.08 21 
36.10 7 
36.12 7 
36.14 14 
36.16 7 
36.18 7 
36.20 7 
36.22 14 
36.24 14 
36.26 7 
36.28 7 
36.30 7 
36.32 7 
36.34 7 
36.36 7 
36.38 7 
36.40 7 
36.42 7 
36.44 7 
36.46 7 
36.48 7 
36.50 7 
36.52 7 
36.54 7 
36.56 7 
36.58 7 
36.60 7 
36.62 7 
36.64 7 
36.66 14 
36.68 14 
36.70 14 
36.72 7 
36.74 7 
36.76 7 
36.78 7 
36.80 7 
36.82 7 
36.84 7 
36.86 7 
36.88 7 
36.90 7 
36.92 14 
36.94 14 
36.96 14 
36.98 14 
37.00 14 
37.02 35 
37.04 7 
37.06 7 
37.08 7 
37.10 7 
37.12 14 
37.14 14 
37.16 14 
37.18 14 
37.20 14 
37.22 7 
37.24 7 
37.26 7 
37.28 7 
37.30 14 
37.32 7 
37.34 7 
37.36 7 
37.38 7 
37.40 7 
37.42 7 
37.44 7 
37.46 7 
37.48 7 
37.50 21 
37.52 14 
37.54 7 
37.56 7 
37.58 28 
37.60 28 
37.62 14 
37.64 7 
37.66 28 
37.68 28 
37.70 28 
37.72 14 
37.74 7 
37.76 14 
37.78 14 
37.80 7 
37.82 7 
37.84 7 
37.86 7 
37.88 7 
37.90 14 
37.92 7 
37.94 7 
37.96 7 
37.98 21 
38.00 21 
38.02 21 
38.04 21 
38.06 7 
38.08 7 
38.10 7 
38.12 7 
38.14 28 
38.16 28 
38.18 14 
38.20 35 
38.22 14 
38.24 14 
38.26 7 
38.28 7 
38.30 7 
38.32 7 
38.34 7 
38.36 21 
38.38 7 
38.40 14 
38.42 21 
38.44 7 
38.46 7 
38.48 7 
38.50 7 
38.52 7 
38.54 7 
38.56 7 
38.58 7 
38.60 14 
38.62 21 
38.64 21 
38.66 7 
38.68 7 
38.70 7 
38.72 7 
38.74 7 
38.76 7 
38.78 7 
38.80 7 
38.82 7 
38.84 7 
38.86 7 
38.88 7 
38.90 14 
38.92 14 
38.94 14 
38.96 7 
38.98 7 
39.00 7 
39.02 7 
39.04 7 
39.06 14 
39.08 14 
39.10 14 
39.12 7 
39.14 21 
39.16 7 
39.18 21 
39.20 14 
39.22 7 
39.24 7 
39.26 7 
39.28 7 
39.30 7 
39.32 7 
39.34 14 
39.36 14 
39.38 14 
39.40 7 
39.42 7 
39.44 7 
39.46 7 
39.48 7 
39.50 7 
39.52 7 
39.54 7 
39.56 7 
39.58 7 
39.60 7 
39.62 7 
39.64 7 
39.66 7 
39.68 7 
39.70 7 
39.72 7 
39.74 7 
39.76 7 
39.78 14 
39.80 7 
39.82 14 
39.84 14 
39.86 7 
39.88 7 
39.90 7 
39.92 7 
39.94 7 
39.96 14 
39.98 7 
40.00 14 
40.02 14 
40.04 14 
40.06 7 
40.08 7 
40.10 14 
40.12 14 
40.14 7 
40.16 7 
40.18 7 
40.20 7 
40.22 7 
40.24 7 
40.26 7 
40.28 7 
40.30 7 
40.32 7 
40.34 7 
40.36 7 
40.38 7 
40.40 7 
40.42 7 
40.44 14 
40.46 7 
40.48 7 
40.50 7 
40.52 7 
40.54 7 
40.56 7 
40.58 7 
40.60 7 
40.62 7 
40.64 7 
40.66 7 
40.68 7 
40.70 7 
40.72 7 
40.74 7 
40.76 14 
40.78 14 
40.80 21 
40.82 7 
40.84 7 
40.86 7 
40.88 7 
40.90 7 
40.92 14 
40.94 14 
40.96 14 
40.98 7 
41.00 14 
41.02 14 
41.04 7 
41.06 14 
41.08 14 
41.10 14 
41.12 14 
41.14 7 
41.16 7 
41.18 7 
41.20 14 
41.22 7 
41.24 14 
41.26 7 
41.28 7 
41.30 7 
41.32 14 
41.34 14 
41.36 14 
41.38 14 
41.40 7 
41.42 7 
41.44 7 
41.46 7 
41.48 7 
41.50 7 
41.52 7 
41.54 14 
41.56 14 
41.58 14 
41.60 7 
41.62 7 
41.64 7 
41.66 7 
41.68 7 
41.70 14 
41.72 14 
41.74 7 
41.76 7 
41.78 7 
41.80 7 
41.82 7 
41.84 7 
41.86 7 
41.88 7 
41.90 7 
41.92 7 
41.94 7 
41.96 7 
41.98 7 
42.00 7 
42.02 7 
42.04 7 
42.06 7 
42.08 7 
42.10 7 
42.12 7 
42.14 7 
42.16 7 
42.18 7 
42.20 7 
42.22 7 
42.24 7 
42.26 7 
42.28 7 
42.30 7 
42.32 7 
42.34 7 
42.36 14 
42.38 14 
42.40 14 
42.42 14 
42.44 7 
42.46 7 
42.48 7 
42.50 21 
42.52 21 
42.54 14 
42.56 7 
42.58 14 
42.60 14 
42.62 7 
42.64 7 
42.66 7 
42.68 7 
42.70 7 
42.72 14 
42.74 14 
42.76 7 
42.78 14 
42.80 7 
42.82 7 
42.84 14 
42.86 14 
42.88 14 
42.90 14 
42.92 7 
42.94 7 
42.96 21 
42.98 35 
43.00 7 
43.02 7 
43.04 7 
43.06 7 
43.08 14 
43.10 35 
43.12 35 
43.14 14 
43.16 14 
43.18 14 
43.20 7 
43.22 7 
43.24 21 
43.26 28 
43.28 14 
43.30 7 
43.32 14 
43.34 14 
43.36 7 
43.38 14 
43.40 14 
43.42 14 
43.44 35 
43.46 35 
43.48 7 
43.50 14 
43.52 21 
43.54 14 
43.56 14 
43.58 21 
43.60 21 
43.62 7 
43.64 14 
43.66 14 
43.68 7 
43.70 14 
43.72 14 
43.74 28 
43.76 7 
43.78 7 
43.80 7 
43.82 28 
43.84 7 
43.86 21 
43.88 7 
43.90 21 
43.92 21 
43.94 7 
43.96 35 
43.98 35 
44.00 7 
44.02 21 
44.04 21 
44.06 14 
44.08 21 
44.10 21 
44.12 21 
44.14 7 
44.16 7 
44.18 7 
44.20 7 
44.22 35 
44.24 14 
44.26 7 
44.28 21 
44.30 14 
44.32 14 
44.34 14 
44.36 14 
44.38 28 
44.40 28 
44.42 35 
44.44 35 
44.46 14 
44.48 7 
44.50 14 
44.52 14 
44.54 7 
44.56 35 
44.58 35 
44.60 42 
44.62 14 
44.64 14 
44.66 21 
44.68 21 
44.70 28 
44.72 35 
44.74 21 
44.76 14 
44.78 21 
44.80 21 
44.82 7 
44.84 21 
44.86 14 
44.88 28 
44.90 21 
44.92 49 
44.94 21 
44.96 49 
44.98 28 
45.00 49 
45.02 69 
45.04 49 
45.06 104 
45.08 90 
45.10 118 
45.12 111 
45.14 153 
45.16 139 
45.18 194 
45.20 264 
45.22 410 
45.24 521 
45.26 542 
45.28 646 
45.30 847 
45.32 1104 
45.34 743 
45.36 681 
45.38 715 
45.40 729 
45.42 604 
45.44 507 
45.46 500 
45.48 458 
45.50 264 
45.52 194 
45.54 188 
45.56 146 
45.58 139 
45.60 62 
45.62 76 
45.64 35 
45.66 62 
45.68 42 
45.70 21 
45.72 14 
45.74 21 
45.76 28 
45.78 21 
45.80 14 
45.82 14 
45.84 21 
45.86 7 
45.88 7 
45.90 28 
45.92 7 
45.94 7 
45.96 14 
45.98 28 
46.00 14 
46.02 14 
46.04 21 
46.06 28 
46.08 7 
46.10 7 
46.12 7 
46.14 7 
46.16 7 
46.18 7 
46.20 14 
46.22 7 
46.24 14 
46.26 14 
46.28 7 
46.30 14 
46.32 14 
46.34 21 
46.36 7 
46.38 7 
46.40 14 
46.42 7 
46.44 21 
46.46 7 
46.48 7 
46.50 7 
46.52 7 
46.54 7 
46.56 7 
46.58 14 
46.60 14 
46.62 14 
46.64 7 
46.66 7 
46.68 14 
46.70 14 
46.72 7 
46.74 7 
46.76 21 
46.78 14 
46.80 7 
46.82 14 
46.84 7 
46.86 7 
46.88 14 
46.90 14 
46.92 7 
46.94 7 
46.96 7 
46.98 14 
47.00 14 
47.02 14 
47.04 14 
47.06 21 
47.08 7 
47.10 7 
47.12 7 
47.14 7 
47.16 7 
47.18 7 
47.20 7 
47.22 7 
47.24 7 
47.26 7 
47.28 21 
47.30 21 
47.32 7 
47.34 14 
47.36 14 
47.38 14 
47.40 7 
47.42 7 
47.44 7 
47.46 7 
47.48 7 
47.50 7 
47.52 14 
47.54 7 
47.56 7 
47.58 7 
47.60 7 
47.62 7 
47.64 7 
47.66 7 
47.68 7 
47.70 7 
47.72 7 
47.74 7 
47.76 7 
47.78 7 
47.80 7 
47.82 7 
47.84 7 
47.86 7 
47.88 7 
47.90 7 
47.92 7 
47.94 14 
47.96 14 
47.98 7 
48.00 7 
48.02 7 
48.04 14 
48.06 14 
48.08 35 
48.10 7 
48.12 7 
48.14 7 
48.16 7 
48.18 7 
48.20 14 
48.22 7 
48.24 7 
48.26 7 
48.28 7 
48.30 21 
48.32 21 
48.34 21 
48.36 14 
48.38 21 
48.40 14 
48.42 14 
48.44 14 
48.46 14 
48.48 7 
48.50 7 
48.52 7 
48.54 7 
48.56 14 
48.58 7 
48.60 7 
48.62 7 
48.64 7 
48.66 7 
48.68 7 
48.70 14 
48.72 14 
48.74 7 
48.76 21 
48.78 21 
48.80 21 
48.82 7 
48.84 7 
48.86 7 
48.88 7 
48.90 7 
48.92 7 
48.94 7 
48.96 7 
48.98 7 
49.00 14 
49.02 14 
49.04 14 
49.06 14 
49.08 14 
49.10 7 
49.12 21 
49.14 21 
49.16 21 
49.18 7 
49.20 7 
49.22 7 
49.24 14 
49.26 7 
49.28 7 
49.30 7 
49.32 7 
49.34 7 
49.36 7 
49.38 7 
49.40 14 
49.42 14 
49.44 7 
49.46 7 
49.48 7 
49.50 14 
49.52 7 
49.54 7 
49.56 14 
49.58 14 
49.60 14 
49.62 14 
49.64 14 
49.66 28 
49.68 28 
49.70 14 
49.72 14 
49.74 14 
49.76 7 
49.78 7 
49.80 7 
49.82 7 
49.84 7 
49.86 7 
49.88 7 
49.90 7 
49.92 7 
49.94 7 
49.96 7 
49.98 7 
50.00 7 
50.02 7 
50.04 7 
50.06 7 
50.08 7 
50.10 7 
50.12 7 
50.14 7 
50.16 7 
50.18 7 
50.20 14 
50.22 14 
50.24 14 
50.26 14 
50.28 14 
50.30 7 
50.32 7 
50.34 7 
50.36 7 
50.38 7 
50.40 7 
50.42 21 
50.44 21 
50.46 7 
50.48 7 
50.50 7 
50.52 7 
50.54 7 
50.56 7 
50.58 7 
50.60 7 
50.62 7 
50.64 7 
50.66 14 
50.68 7 
50.70 14 
50.72 7 
50.74 7 
50.76 7 
50.78 7 
50.80 7 
50.82 7 
50.84 7 
50.86 7 
50.88 7 
50.90 7 
50.92 14 
50.94 14 
50.96 7 
50.98 21 
51.00 21 
51.02 7 
51.04 7 
51.06 7 
51.08 7 
51.10 7 
51.12 7 
51.14 21 
51.16 21 
51.18 21 
51.20 21 
51.22 14 
51.24 7 
51.26 14 
51.28 14 
51.30 14 
51.32 7 
51.34 7 
51.36 7 
51.38 7 
51.40 14 
51.42 14 
51.44 7 
51.46 7 
51.48 7 
51.50 7 
51.52 14 
51.54 14 
51.56 14 
51.58 21 
51.60 21 
51.62 7 
51.64 21 
51.66 21 
51.68 21 
51.70 7 
51.72 7 
51.74 7 
51.76 7 
51.78 7 
51.80 7 
51.82 7 
51.84 7 
51.86 7 
51.88 7 
51.90 21 
51.92 7 
51.94 7 
51.96 7 
51.98 7 
52.00 7 
52.02 7 
52.04 7 
52.06 7 
52.08 7 
52.10 7 
52.12 7 
52.14 7 
52.16 7 
52.18 7 
52.20 7 
52.22 14 
52.24 14 
52.26 14 
52.28 7 
52.30 7 
52.32 7 
52.34 21 
52.36 21 
52.38 21 
52.40 21 
52.42 7 
52.44 7 
52.46 7 
52.48 7 
52.50 7 
52.52 7 
52.54 7 
52.56 7 
52.58 7 
52.60 21 
52.62 35 
52.64 35 
52.66 35 
52.68 14 
52.70 14 
52.72 14 
52.74 14 
52.76 7 
52.78 7 
52.80 7 
52.82 7 
52.84 7 
52.86 7 
52.88 7 
52.90 14 
52.92 14 
52.94 7 
52.96 7 
52.98 7 
53.00 14 
53.02 14 
53.04 14 
53.06 7 
53.08 21 
53.10 21 
53.12 21 
53.14 21 
53.16 21 
53.18 21 
53.20 21 
53.22 21 
53.24 21 
53.26 7 
53.28 7 
53.30 7 
53.32 14 
53.34 14 
53.36 7 
53.38 14 
53.40 14 
53.42 7 
53.44 7 
53.46 7 
53.48 7 
53.50 7 
53.52 7 
53.54 21 
53.56 14 
53.58 14 
53.60 14 
53.62 21 
53.64 28 
53.66 21 
53.68 7 
53.70 62 
53.72 21 
53.74 14 
53.76 21 
53.78 28 
53.80 21 
53.82 14 
53.84 49 
53.86 14 
53.88 28 
53.90 21 
53.92 7 
53.94 21 
53.96 7 
53.98 21 
54.00 21 
54.02 21 
54.04 7 
54.06 7 
54.08 7 
54.10 7 
54.12 7 
54.14 7 
54.16 7 
54.18 7 
54.20 7 
54.22 7 
54.24 7 
54.26 7 
54.28 7 
54.30 7 
54.32 7 
54.34 7 
54.36 7 
54.38 7 
54.40 7 
54.42 7 
54.44 14 
54.46 21 
54.48 7 
54.50 7 
54.52 7 
54.54 7 
54.56 14 
54.58 7 
54.60 14 
54.62 7 
54.64 7 
54.66 14 
54.68 14 
54.70 7 
54.72 7 
54.74 7 
54.76 7 
54.78 7 
54.80 14 
54.82 14 
54.84 7 
54.86 14 
54.88 14 
54.90 14 
54.92 7 
54.94 7 
54.96 7 
54.98 7 
55.00 7 
55.02 7 
55.04 7 
55.06 7 
55.08 14 
55.10 7 
55.12 7 
55.14 7 
55.16 7 
55.18 7 
55.20 7 
55.22 7 
55.24 7 
55.26 7 
55.28 14 
55.30 14 
55.32 7 
55.34 7 
55.36 14 
55.38 7 
55.40 7 
55.42 7 
55.44 7 
55.46 7 
55.48 7 
55.50 7 
55.52 7 
55.54 7 
55.56 7 
55.58 7 
55.60 7 
55.62 7 
55.64 14 
55.66 14 
55.68 7 
55.70 14 
55.72 14 
55.74 7 
55.76 7 
55.78 7 
55.80 7 
55.82 14 
55.84 7 
55.86 7 
55.88 7 
55.90 7 
55.92 14 
55.94 28 
55.96 14 
55.98 14 
56.00 7 
56.02 21 
56.04 28 
56.06 14 
56.08 21 
56.10 21 
56.12 28 
56.14 42 
56.16 35 
56.18 69 
56.20 76 
56.22 76 
56.24 69 
56.26 76 
56.28 174 
56.30 146 
56.32 160 
56.34 164 
56.36 167 
56.38 167 
56.40 167 
56.42 139 
56.44 160 
56.46 90 
56.48 86 
56.50 83 
56.52 118 
56.54 49 
56.56 62 
56.58 28 
56.60 42 
56.62 14 
56.64 42 
56.66 35 
56.68 14 
56.70 7 
56.72 28 
56.74 49 
56.76 21 
56.78 21 
56.80 28 
56.82 28 
56.84 21 
56.86 7 
56.88 7 
56.90 7 
56.92 14 
56.94 7 
56.96 7 
56.98 7 
57.00 7 
57.02 14 
57.04 21 
57.06 21 
57.08 14 
57.10 14 
57.12 14 
57.14 14 
57.16 14 
57.18 14 
57.20 14 
57.22 14 
57.24 7 
57.26 14 
57.28 14 
57.30 14 
57.32 14 
57.34 7 
57.36 14 
57.38 14 
57.40 14 
57.42 7 
57.44 7 
57.46 7 
57.48 14 
57.50 14 
57.52 14 
57.54 14 
57.56 14 
57.58 7 
57.60 14 
57.62 14 
57.64 7 
57.66 7 
57.68 7 
57.70 7 
57.72 7 
57.74 7 
57.76 7 
57.78 7 
57.80 7 
57.82 7 
57.84 7 
57.86 7 
57.88 7 
57.90 7 
57.92 7 
57.94 7 
57.96 7 
57.98 7 
58.00 7 
58.02 7 
58.04 14 
58.06 7 
58.08 7 
58.10 7 
58.12 7 
58.14 14 
58.16 14 
58.18 7 
58.20 7 
58.22 7 
58.24 7 
58.26 7 
58.28 7 
58.30 7 
58.32 7 
58.34 7 
58.36 7 
58.38 7 
58.40 7 
58.42 7 
58.44 7 
58.46 7 
58.48 7 
58.50 7 
58.52 7 
58.54 7 
58.56 7 
58.58 14 
58.60 7 
58.62 14 
58.64 14 
58.66 7 
58.68 7 
58.70 7 
58.72 7 
58.74 7 
58.76 7 
58.78 7 
58.80 7 
58.82 7 
58.84 7 
58.86 7 
58.88 7 
58.90 7 
58.92 7 
58.94 7 
58.96 7 
58.98 7 
59.00 7 
59.02 7 
59.04 7 
59.06 7 
59.08 7 
59.10 7 
59.12 7 
59.14 7 
59.16 7 
59.18 14 
59.20 14 
59.22 14 
59.24 14 
59.26 14 
59.28 7 
59.30 7 
59.32 7 
59.34 14 
59.36 14 
59.38 14 
59.40 14 
59.42 14 
59.44 14 
59.46 14 
59.48 7 
59.50 7 
59.52 21 
59.54 21 
59.56 21 
59.58 7 
59.60 7 
59.62 7 
59.64 7 
59.66 7 
59.68 7 
59.70 7 
59.72 7 
59.74 7 
59.76 7 
59.78 7 
59.80 7 
59.82 7 
59.84 7 
59.86 7 
59.88 7 
59.90 7 
59.92 7 
59.94 7 
59.96 7 
59.98 7 
60.00 7 
60.02 7 
60.04 7 
60.06 7 
60.08 7 
60.10 7 
60.12 7 
60.14 7 
60.16 7 
60.18 7 
60.20 7 
60.22 7 
60.24 7 
60.26 21 
60.28 21 
60.30 7 
60.32 7 
60.34 7 
60.36 7 
60.38 7 
60.40 14 
60.42 14 
60.44 14 
60.46 21 
60.48 21 
60.50 14 
60.52 7 
60.54 7 
60.56 7 
60.58 7 
60.60 7 
60.62 7 
60.64 7 
60.66 7 
60.68 7 
60.70 7 
60.72 7 
60.74 7 
60.76 7 
60.78 7 
60.80 7 
60.82 7 
60.84 7 
60.86 7 
60.88 7 
60.90 21 
60.92 7 
60.94 7 
60.96 7 
60.98 7 
61.00 7 
61.02 7 
61.04 7 
61.06 7 
61.08 7 
61.10 7 
61.12 7 
61.14 7 
61.16 7 
61.18 7 
61.20 14 
61.22 7 
61.24 7 
61.26 7 
61.28 7 
61.30 7 
61.32 14 
61.34 14 
61.36 7 
61.38 14 
61.40 14 
61.42 14 
61.44 14 
61.46 14 
61.48 14 
61.50 14 
61.52 7 
61.54 7 
61.56 7 
61.58 14 
61.60 14 
61.62 14 
61.64 14 
61.66 14 
61.68 7 
61.70 7 
61.72 7 
61.74 14 
61.76 14 
61.78 14 
61.80 7 
61.82 14 
61.84 14 
61.86 7 
61.88 7 
61.90 7 
61.92 7 
61.94 7 
61.96 7 
61.98 7 
62.00 7 
62.02 7 
62.04 7 
62.06 7 
62.08 7 
62.10 7 
62.12 7 
62.14 7 
62.16 7 
62.18 7 
62.20 7 
62.22 14 
62.24 7 
62.26 35 
62.28 7 
62.30 7 
62.32 7 
62.34 7 
62.36 7 
62.38 7 
62.40 7 
62.42 7 
62.44 7 
62.46 7 
62.48 7 
62.50 7 
62.52 7 
62.54 7 
62.56 7 
62.58 7 
62.60 7 
62.62 14 
62.64 7 
62.66 7 
62.68 7 
62.70 7 
62.72 7 
62.74 7 
62.76 7 
62.78 7 
62.80 7 
62.82 7 
62.84 7 
62.86 21 
62.88 7 
62.90 7 
62.92 21 
62.94 7 
62.96 7 
62.98 7 
63.00 7 
63.02 14 
63.04 7 
63.06 7 
63.08 7 
63.10 7 
63.12 14 
63.14 14 
63.16 14 
63.18 14 
63.20 14 
63.22 14 
63.24 7 
63.26 7 
63.28 7 
63.30 14 
63.32 7 
63.34 7 
63.36 7 
63.38 7 
63.40 7 
63.42 21 
63.44 14 
63.46 7 
63.48 7 
63.50 7 
63.52 7 
63.54 7 
63.56 7 
63.58 7 
63.60 14 
63.62 14 
63.64 14 
63.66 14 
63.68 7 
63.70 7 
63.72 7 
63.74 7 
63.76 14 
63.78 7 
63.80 7 
63.82 7 
63.84 7 
63.86 14 
63.88 7 
63.90 7 
63.92 7 
63.94 7 
63.96 14 
63.98 7 
64.00 21 
64.02 21 
64.04 21 
64.06 21 
64.08 7 
64.10 7 
64.12 7 
64.14 7 
64.16 7 
64.18 7 
64.20 7 
64.22 7 
64.24 21 
64.26 21 
64.28 21 
64.30 7 
64.32 7 
64.34 7 
64.36 28 
64.38 7 
64.40 14 
64.42 14 
64.44 14 
64.46 14 
64.48 14 
64.50 14 
64.52 14 
64.54 14 
64.56 7 
64.58 7 
64.60 7 
64.62 7 
64.64 21 
64.66 21 
64.68 7 
64.70 7 
64.72 7 
64.74 14 
64.76 14 
64.78 14 
64.80 14 
64.82 14 
64.84 14 
64.86 14 
64.88 7 
64.90 7 
64.92 7 
64.94 7 
64.96 7 
64.98 7 
65.00 14 
65.02 14 
65.04 14 
65.06 14 
65.08 14 
65.10 7 
65.12 14 
65.14 14 
65.16 7 
65.18 7 
65.20 21 
65.22 7 
65.24 21 
65.26 7 
65.28 14 
65.30 14 
65.32 14 
65.34 7 
65.36 7 
65.38 7 
65.40 7 
65.42 7 
65.44 7 
65.46 21 
65.48 7 
65.50 7 
65.52 7 
65.54 7 
65.56 14 
65.58 14 
65.60 14 
65.62 7 
65.64 14 
65.66 21 
65.68 14 
65.70 21 
65.72 14 
65.74 14 
65.76 14 
65.78 7 
65.80 7 
65.82 21 
65.84 35 
65.86 7 
65.88 7 
65.90 35 
65.92 28 
65.94 83 
65.96 62 
65.98 35 
66.00 62 
66.02 76 
66.04 69 
66.06 139 
66.08 167 
66.10 181 
66.12 243 
66.14 201 
66.16 139 
66.18 153 
66.20 125 
66.22 104 
66.24 139 
66.26 83 
66.28 104 
66.30 111 
66.32 49 
66.34 62 
66.36 76 
66.38 21 
66.40 28 
66.42 56 
66.44 14 
66.46 14 
66.48 14 
66.50 14 
66.52 21 
66.54 21 
66.56 7 
66.58 7 
66.60 21 
66.62 21 
66.64 21 
66.66 21 
66.68 14 
66.70 14 
66.72 7 
66.74 7 
66.76 21 
66.78 7 
66.80 7 
66.82 7 
66.84 14 
66.86 14 
66.88 7 
66.90 7 
66.92 14 
66.94 14 
66.96 7 
66.98 7 
67.00 14 
67.02 14 
67.04 7 
67.06 14 
67.08 7 
67.10 7 
67.12 7 
67.14 7 
67.16 14 
67.18 14 
67.20 21 
67.22 21 
67.24 7 
67.26 7 
67.28 7 
67.30 14 
67.32 7 
67.34 7 
67.36 7 
67.38 7 
67.40 7 
67.42 7 
67.44 7 
67.46 7 
67.48 7 
67.50 7 
67.52 7 
67.54 14 
67.56 14 
67.58 21 
67.60 7 
67.62 7 
67.64 7 
67.66 7 
67.68 7 
67.70 7 
67.72 7 
67.74 7 
67.76 7 
67.78 7 
67.80 7 
67.82 7 
67.84 7 
67.86 14 
67.88 7 
67.90 7 
67.92 7 
67.94 7 
67.96 7 
67.98 7 
68.00 7 
68.02 7 
68.04 14 
68.06 14 
68.08 7 
68.10 7 
68.12 7 
68.14 7 
68.16 7 
68.18 7 
68.20 7 
68.22 7 
68.24 21 
68.26 21 
68.28 21 
68.30 21 
68.32 21 
68.34 7 
68.36 7 
68.38 7 
68.40 7 
68.42 7 
68.44 7 
68.46 7 
68.48 14 
68.50 14 
68.52 14 
68.54 14 
68.56 21 
68.58 7 
68.60 7 
68.62 7 
68.64 7 
68.66 21 
68.68 21 
68.70 7 
68.72 7 
68.74 7 
68.76 7 
68.78 7 
68.80 7 
68.82 7 
68.84 7 
68.86 7 
68.88 7 
68.90 7 
68.92 14 
68.94 7 
68.96 7 
68.98 7 
69.00 7 
69.02 7 
69.04 7 
69.06 7 
69.08 7 
69.10 7 
69.12 7 
69.14 7 
69.16 7 
69.18 14 
69.20 14 
69.22 14 
69.24 14 
69.26 14 
69.28 14 
69.30 7 
69.32 7 
69.34 7 
69.36 7 
69.38 7 
69.40 7 
69.42 7 
69.44 7 
69.46 7 
69.48 7 
69.50 7 
69.52 7 
69.54 7 
69.56 7 
69.58 7 
69.60 7 
69.62 7 
69.64 7 
69.66 7 
69.68 7 
69.70 14 
69.72 7 
69.74 7 
69.76 14 
69.78 14 
69.80 7 
69.82 7 
69.84 7 
69.86 7 
69.88 7 
69.90 7 
69.92 7 
69.94 7 
69.96 7 
69.98 14 
