实验日期:2022-3-9
文件名:d:\我的文档\桌面\jwf\SiO2-H2O.TXT
样品名:SiO2-H2O
实验者: 
起始角= 20 
终止角= 70 
步宽= .02 
波长=1.5406
 30 kV,  15 mA
20.00 104 
20.02 118 
20.04 83 
20.06 69 
20.08 118 
20.10 125 
20.12 56 
20.14 97 
20.16 83 
20.18 83 
20.20 111 
20.22 56 
20.24 59 
20.26 62 
20.28 90 
20.30 132 
20.32 62 
20.34 125 
20.36 104 
20.38 62 
20.40 139 
20.42 97 
20.44 104 
20.46 104 
20.48 83 
20.50 104 
20.52 132 
20.54 118 
20.56 167 
20.58 153 
20.60 104 
20.62 108 
20.64 111 
20.66 114 
20.68 118 
20.70 104 
20.72 90 
20.74 118 
20.76 97 
20.78 62 
20.80 118 
20.82 104 
20.84 83 
20.86 181 
20.88 132 
20.90 83 
20.92 104 
20.94 97 
20.96 90 
20.98 90 
21.00 104 
21.02 83 
21.04 167 
21.06 146 
21.08 83 
21.10 104 
21.12 76 
21.14 49 
21.16 139 
21.18 139 
21.20 97 
21.22 167 
21.24 132 
21.26 90 
21.28 83 
21.30 111 
21.32 111 
21.34 111 
21.36 83 
21.38 90 
21.40 118 
21.42 62 
21.44 118 
21.46 153 
21.48 174 
21.50 146 
21.52 118 
21.54 97 
21.56 153 
21.58 69 
21.60 72 
21.62 76 
21.64 104 
21.66 132 
21.68 90 
21.70 97 
21.72 118 
21.74 104 
21.76 118 
21.78 167 
21.80 153 
21.82 111 
21.84 111 
21.86 132 
21.88 125 
21.90 125 
21.92 125 
21.94 83 
21.96 83 
21.98 111 
22.00 146 
22.02 125 
22.04 153 
22.06 111 
22.08 76 
22.10 146 
22.12 153 
22.14 97 
22.16 111 
22.18 83 
22.20 83 
22.22 83 
22.24 111 
22.26 181 
22.28 146 
22.30 139 
22.32 104 
22.34 90 
22.36 160 
22.38 111 
22.40 111 
22.42 111 
22.44 111 
22.46 132 
22.48 118 
22.50 153 
22.52 153 
22.54 125 
22.56 76 
22.58 97 
22.60 97 
22.62 83 
22.64 83 
22.66 83 
22.68 125 
22.70 125 
22.72 125 
22.74 76 
22.76 90 
22.78 139 
22.80 111 
22.82 90 
22.84 94 
22.86 97 
22.88 97 
22.90 35 
22.92 125 
22.94 153 
22.96 153 
22.98 132 
23.00 125 
23.02 76 
23.04 139 
23.06 139 
23.08 125 
23.10 111 
23.12 132 
23.14 153 
23.16 104 
23.18 132 
23.20 153 
23.22 97 
23.24 132 
23.26 132 
23.28 90 
23.30 118 
23.32 132 
23.34 83 
23.36 118 
23.38 69 
23.40 111 
23.42 90 
23.44 94 
23.46 97 
23.48 132 
23.50 132 
23.52 42 
23.54 97 
23.56 146 
23.58 76 
23.60 49 
23.62 104 
23.64 83 
23.66 86 
23.68 90 
23.70 104 
23.72 132 
23.74 118 
23.76 111 
23.78 125 
23.80 118 
23.82 90 
23.84 104 
23.86 139 
23.88 49 
23.90 62 
23.92 76 
23.94 80 
23.96 83 
23.98 90 
24.00 97 
24.02 76 
24.04 118 
24.06 139 
24.08 104 
24.10 76 
24.12 104 
24.14 90 
24.16 118 
24.18 132 
24.20 83 
24.22 132 
24.24 104 
24.26 111 
24.28 76 
24.30 83 
24.32 83 
24.34 146 
24.36 125 
24.38 118 
24.40 146 
24.42 132 
24.44 118 
24.46 97 
24.48 56 
24.50 118 
24.52 118 
24.54 118 
24.56 97 
24.58 83 
24.60 69 
24.62 49 
24.64 125 
24.66 132 
24.68 90 
24.70 83 
24.72 118 
24.74 118 
24.76 104 
24.78 97 
24.80 94 
24.82 90 
24.84 104 
24.86 42 
24.88 111 
24.90 118 
24.92 118 
24.94 97 
24.96 97 
24.98 97 
25.00 69 
25.02 90 
25.04 76 
25.06 97 
25.08 49 
25.10 97 
25.12 111 
25.14 42 
25.16 90 
25.18 56 
25.20 90 
25.22 104 
25.24 118 
25.26 90 
25.28 146 
25.30 69 
25.32 97 
25.34 76 
25.36 97 
25.38 104 
25.40 35 
25.42 118 
25.44 139 
25.46 69 
25.48 76 
25.50 76 
25.52 118 
25.54 62 
25.56 76 
25.58 90 
25.60 132 
25.62 62 
25.64 97 
25.66 76 
25.68 49 
25.70 76 
25.72 125 
25.74 97 
25.76 49 
25.78 62 
25.80 104 
25.82 49 
25.84 90 
25.86 118 
25.88 118 
25.90 83 
25.92 104 
25.94 42 
25.96 125 
25.98 104 
26.00 90 
26.02 35 
26.04 69 
26.06 69 
26.08 69 
26.10 76 
26.12 69 
26.14 56 
26.16 69 
26.18 118 
26.20 104 
26.22 97 
26.24 104 
26.26 125 
26.28 69 
26.30 83 
26.32 90 
26.34 90 
26.36 97 
26.38 62 
26.40 69 
26.42 83 
26.44 83 
26.46 83 
26.48 83 
26.50 76 
26.52 76 
26.54 76 
26.56 49 
26.58 49 
26.60 62 
26.62 69 
26.64 42 
26.66 69 
26.68 97 
26.70 35 
26.72 28 
26.74 56 
26.76 49 
26.78 90 
26.80 35 
26.82 49 
26.84 76 
26.86 97 
26.88 35 
26.90 69 
26.92 111 
26.94 56 
26.96 42 
26.98 76 
27.00 83 
27.02 56 
27.04 83 
27.06 76 
27.08 42 
27.10 62 
27.12 42 
27.14 76 
27.16 97 
27.18 56 
27.20 118 
27.22 97 
27.24 56 
27.26 76 
27.28 62 
27.30 62 
27.32 56 
27.34 28 
27.36 42 
27.38 69 
27.40 62 
27.42 56 
27.44 62 
27.46 56 
27.48 69 
27.50 69 
27.52 42 
27.54 56 
27.56 69 
27.58 56 
27.60 56 
27.62 90 
27.64 69 
27.66 28 
27.68 56 
27.70 62 
27.72 62 
27.74 76 
27.76 83 
27.78 49 
27.80 56 
27.82 76 
27.84 49 
27.86 62 
27.88 69 
27.90 62 
27.92 104 
27.94 49 
27.96 76 
27.98 76 
28.00 90 
28.02 69 
28.04 49 
28.06 42 
28.08 49 
28.10 62 
28.12 35 
28.14 76 
28.16 76 
28.18 42 
28.20 69 
28.22 21 
28.24 35 
28.26 35 
28.28 35 
28.30 56 
28.32 62 
28.34 35 
28.36 42 
28.38 49 
28.40 49 
28.42 28 
28.44 28 
28.46 21 
28.48 35 
28.50 62 
28.52 69 
28.54 42 
28.56 21 
28.58 56 
28.60 76 
28.62 56 
28.64 35 
28.66 42 
28.68 69 
28.70 56 
28.72 69 
28.74 49 
28.76 28 
28.78 49 
28.80 21 
28.82 21 
28.84 62 
28.86 49 
28.88 28 
28.90 62 
28.92 83 
28.94 76 
28.96 90 
28.98 28 
29.00 83 
29.02 56 
29.04 69 
29.06 14 
29.08 49 
29.10 28 
29.12 56 
29.14 42 
29.16 76 
29.18 69 
29.20 42 
29.22 49 
29.24 21 
29.26 69 
29.28 69 
29.30 35 
29.32 35 
29.34 49 
29.36 42 
29.38 49 
29.40 62 
29.42 76 
29.44 42 
29.46 35 
29.48 35 
29.50 56 
29.52 69 
29.54 62 
29.56 118 
29.58 35 
29.60 42 
29.62 42 
29.64 49 
29.66 49 
29.68 62 
29.70 42 
29.72 42 
29.74 56 
29.76 56 
29.78 49 
29.80 49 
29.82 56 
29.84 56 
29.86 35 
29.88 28 
29.90 42 
29.92 90 
29.94 42 
29.96 62 
29.98 42 
30.00 14 
30.02 76 
30.04 83 
30.06 83 
30.08 42 
30.10 42 
30.12 56 
30.14 56 
30.16 56 
30.18 49 
30.20 42 
30.22 42 
30.24 42 
30.26 49 
30.28 49 
30.30 35 
30.32 42 
30.34 42 
30.36 62 
30.38 14 
30.40 28 
30.42 42 
30.44 76 
30.46 42 
30.48 49 
30.50 42 
30.52 49 
30.54 42 
30.56 21 
30.58 62 
30.60 49 
30.62 49 
30.64 35 
30.66 62 
30.68 49 
30.70 14 
30.72 49 
30.74 62 
30.76 35 
30.78 42 
30.80 42 
30.82 28 
30.84 28 
30.86 42 
30.88 42 
30.90 42 
30.92 21 
30.94 35 
30.96 21 
30.98 62 
31.00 56 
31.02 56 
31.04 21 
31.06 62 
31.08 56 
31.10 56 
31.12 28 
31.14 21 
31.16 35 
31.18 49 
31.20 14 
31.22 62 
31.24 62 
31.26 69 
31.28 21 
31.30 42 
31.32 35 
31.34 35 
31.36 56 
31.38 28 
31.40 62 
31.42 28 
31.44 35 
31.46 28 
31.48 7 
31.50 42 
31.52 49 
31.54 62 
31.56 14 
31.58 28 
31.60 62 
31.62 56 
31.64 28 
31.66 76 
31.68 35 
31.70 28 
31.72 28 
31.74 7 
31.76 28 
31.78 69 
31.80 49 
31.82 49 
31.84 56 
31.86 28 
31.88 21 
31.90 28 
31.92 21 
31.94 35 
31.96 49 
31.98 28 
32.00 49 
32.02 49 
32.04 35 
32.06 56 
32.08 28 
32.10 35 
32.12 42 
32.14 56 
32.16 28 
32.18 42 
32.20 49 
32.22 42 
32.24 62 
32.26 21 
32.28 7 
32.30 35 
32.32 35 
32.34 28 
32.36 62 
32.38 21 
32.40 35 
32.42 28 
32.44 21 
32.46 35 
32.48 21 
32.50 83 
32.52 21 
32.54 28 
32.56 21 
32.58 28 
32.60 76 
32.62 42 
32.64 62 
32.66 42 
32.68 49 
32.70 49 
32.72 42 
32.74 56 
32.76 35 
32.78 35 
32.80 56 
32.82 49 
32.84 76 
32.86 42 
32.88 35 
32.90 49 
32.92 28 
32.94 49 
32.96 56 
32.98 42 
33.00 42 
33.02 49 
33.04 35 
33.06 28 
33.08 35 
33.10 35 
33.12 42 
33.14 7 
33.16 21 
33.18 21 
33.20 28 
33.22 49 
33.24 21 
33.26 21 
33.28 42 
33.30 7 
33.32 7 
33.34 14 
33.36 28 
33.38 14 
33.40 35 
33.42 69 
33.44 62 
33.46 35 
33.48 62 
33.50 62 
33.52 14 
33.54 49 
33.56 83 
33.58 28 
33.60 28 
33.62 35 
33.64 35 
33.66 21 
33.68 35 
33.70 14 
33.72 14 
33.74 56 
33.76 21 
33.78 62 
33.80 28 
33.82 14 
33.84 49 
33.86 56 
33.88 42 
33.90 14 
33.92 42 
33.94 62 
33.96 14 
33.98 35 
34.00 42 
34.02 28 
34.04 28 
34.06 28 
34.08 35 
34.10 28 
34.12 14 
34.14 7 
34.16 49 
34.18 28 
34.20 42 
34.22 14 
34.24 14 
34.26 28 
34.28 42 
34.30 28 
34.32 62 
34.34 21 
34.36 49 
34.38 42 
34.40 49 
34.42 56 
34.44 28 
34.46 56 
34.48 14 
34.50 21 
34.52 35 
34.54 42 
34.56 28 
34.58 49 
34.60 28 
34.62 35 
34.64 62 
34.66 14 
34.68 42 
34.70 35 
34.72 7 
34.74 69 
34.76 21 
34.78 14 
34.80 56 
34.82 42 
34.84 56 
34.86 35 
34.88 69 
34.90 7 
34.92 35 
34.94 35 
34.96 28 
34.98 28 
35.00 21 
35.02 21 
35.04 35 
35.06 35 
35.08 14 
35.10 28 
35.12 42 
35.14 28 
35.16 42 
35.18 21 
35.20 28 
35.22 21 
35.24 21 
35.26 28 
35.28 28 
35.30 62 
35.32 14 
35.34 28 
35.36 7 
35.38 49 
35.40 56 
35.42 35 
35.44 14 
35.46 21 
35.48 56 
35.50 28 
35.52 21 
35.54 49 
35.56 42 
35.58 14 
35.60 28 
35.62 7 
35.64 56 
35.66 7 
35.68 7 
35.70 21 
35.72 35 
35.74 7 
35.76 42 
35.78 35 
35.80 14 
35.82 56 
35.84 42 
35.86 49 
35.88 49 
35.90 21 
35.92 56 
35.94 28 
35.96 35 
35.98 21 
36.00 28 
36.02 62 
36.04 14 
36.06 49 
36.08 7 
36.10 28 
36.12 14 
36.14 35 
36.16 21 
36.18 21 
36.20 7 
36.22 35 
36.24 56 
36.26 14 
36.28 49 
36.30 28 
36.32 28 
36.34 35 
36.36 21 
36.38 56 
36.40 21 
36.42 21 
36.44 56 
36.46 7 
36.48 14 
36.50 14 
36.52 14 
36.54 42 
36.56 14 
36.58 49 
36.60 28 
36.62 49 
36.64 56 
36.66 42 
36.68 42 
36.70 28 
36.72 21 
36.74 42 
36.76 49 
36.78 42 
36.80 35 
36.82 35 
36.84 28 
36.86 28 
36.88 35 
36.90 21 
36.92 42 
36.94 49 
36.96 28 
36.98 21 
37.00 21 
37.02 21 
37.04 28 
37.06 28 
37.08 21 
37.10 21 
37.12 62 
37.14 28 
37.16 42 
37.18 21 
37.20 42 
37.22 28 
37.24 42 
37.26 35 
37.28 35 
37.30 7 
37.32 28 
37.34 49 
37.36 35 
37.38 14 
37.40 28 
37.42 35 
37.44 28 
37.46 56 
37.48 28 
37.50 21 
37.52 28 
37.54 21 
37.56 62 
37.58 14 
37.60 21 
37.62 7 
37.64 42 
37.66 14 
37.68 35 
37.70 28 
37.72 21 
37.74 35 
37.76 28 
37.78 7 
37.80 28 
37.82 35 
37.84 42 
37.86 28 
37.88 42 
37.90 35 
37.92 28 
37.94 28 
37.96 49 
37.98 21 
38.00 42 
38.02 35 
38.04 21 
38.06 49 
38.08 35 
38.10 14 
38.12 7 
38.14 21 
38.16 49 
38.18 28 
38.20 21 
38.22 49 
38.24 35 
38.26 14 
38.28 14 
38.30 42 
38.32 42 
38.34 21 
38.36 35 
38.38 49 
38.40 14 
38.42 21 
38.44 35 
38.46 35 
38.48 28 
38.50 28 
38.52 21 
38.54 28 
38.56 21 
38.58 28 
38.60 35 
38.62 14 
38.64 62 
38.66 42 
38.68 21 
38.70 49 
38.72 56 
38.74 21 
38.76 28 
38.78 14 
38.80 14 
38.82 28 
38.84 42 
38.86 49 
38.88 21 
38.90 49 
38.92 49 
38.94 14 
38.96 28 
38.98 35 
39.00 69 
39.02 49 
39.04 28 
39.06 28 
39.08 35 
39.10 28 
39.12 35 
39.14 28 
39.16 35 
39.18 56 
39.20 21 
39.22 42 
39.24 21 
39.26 28 
39.28 35 
39.30 35 
39.32 21 
39.34 35 
39.36 28 
39.38 35 
39.40 28 
39.42 14 
39.44 56 
39.46 21 
39.48 14 
39.50 56 
39.52 28 
39.54 35 
39.56 28 
39.58 28 
39.60 28 
39.62 42 
39.64 35 
39.66 49 
39.68 21 
39.70 21 
39.72 7 
39.74 42 
39.76 56 
39.78 14 
39.80 49 
39.82 35 
39.84 35 
39.86 35 
39.88 14 
39.90 42 
39.92 49 
39.94 56 
39.96 21 
39.98 56 
40.00 21 
40.02 28 
40.04 14 
40.06 28 
40.08 28 
40.10 28 
40.12 28 
40.14 42 
40.16 28 
40.18 69 
40.20 21 
40.22 21 
40.24 42 
40.26 35 
40.28 21 
40.30 7 
40.32 35 
40.34 7 
40.36 14 
40.38 7 
40.40 14 
40.42 35 
40.44 56 
40.46 28 
40.48 35 
40.50 42 
40.52 42 
40.54 35 
40.56 21 
40.58 7 
40.60 35 
40.62 14 
40.64 28 
40.66 42 
40.68 21 
40.70 49 
40.72 14 
40.74 62 
40.76 49 
40.78 7 
40.80 21 
40.82 21 
40.84 7 
40.86 7 
40.88 35 
40.90 28 
40.92 28 
40.94 14 
40.96 42 
40.98 56 
41.00 28 
41.02 42 
41.04 42 
41.06 42 
41.08 7 
41.10 35 
41.12 42 
41.14 14 
41.16 14 
41.18 28 
41.20 14 
41.22 21 
41.24 28 
41.26 14 
41.28 42 
41.30 56 
41.32 35 
41.34 28 
41.36 35 
41.38 42 
41.40 14 
41.42 28 
41.44 7 
41.46 14 
41.48 14 
41.50 21 
41.52 28 
41.54 28 
41.56 42 
41.58 14 
41.60 21 
41.62 42 
41.64 42 
41.66 21 
41.68 28 
41.70 42 
41.72 14 
41.74 28 
41.76 7 
41.78 28 
41.80 62 
41.82 49 
41.84 7 
41.86 21 
41.88 21 
41.90 42 
41.92 35 
41.94 21 
41.96 14 
41.98 14 
42.00 42 
42.02 21 
42.04 35 
42.06 14 
42.08 49 
42.10 21 
42.12 49 
42.14 14 
42.16 35 
42.18 42 
42.20 42 
42.22 35 
42.24 14 
42.26 35 
42.28 21 
42.30 21 
42.32 28 
42.34 21 
42.36 56 
42.38 28 
42.40 42 
42.42 21 
42.44 14 
42.46 35 
42.48 21 
42.50 14 
42.52 42 
42.54 28 
42.56 35 
42.58 28 
42.60 49 
42.62 28 
42.64 21 
42.66 35 
42.68 21 
42.70 35 
42.72 42 
42.74 14 
42.76 28 
42.78 28 
42.80 7 
42.82 49 
42.84 28 
42.86 21 
42.88 21 
42.90 21 
42.92 21 
42.94 14 
42.96 14 
42.98 21 
43.00 35 
43.02 35 
43.04 21 
43.06 21 
43.08 14 
43.10 35 
43.12 42 
43.14 14 
43.16 14 
43.18 14 
43.20 21 
43.22 28 
43.24 14 
43.26 35 
43.28 35 
43.30 56 
43.32 14 
43.34 35 
43.36 49 
43.38 14 
43.40 28 
43.42 21 
43.44 35 
43.46 7 
43.48 49 
43.50 49 
43.52 42 
43.54 28 
43.56 28 
43.58 7 
43.60 56 
43.62 21 
43.64 35 
43.66 14 
43.68 62 
43.70 35 
43.72 42 
43.74 42 
43.76 35 
43.78 21 
43.80 28 
43.82 7 
43.84 21 
43.86 28 
43.88 14 
43.90 28 
43.92 35 
43.94 14 
43.96 28 
43.98 28 
44.00 35 
44.02 35 
44.04 7 
44.06 21 
44.08 28 
44.10 21 
44.12 35 
44.14 7 
44.16 21 
44.18 35 
44.20 28 
44.22 21 
44.24 42 
44.26 14 
44.28 35 
44.30 69 
44.32 28 
44.34 42 
44.36 28 
44.38 21 
44.40 35 
44.42 49 
44.44 49 
44.46 21 
44.48 42 
44.50 35 
44.52 35 
44.54 21 
44.56 35 
44.58 7 
44.60 14 
44.62 14 
44.64 14 
44.66 35 
44.68 21 
44.70 21 
44.72 21 
44.74 14 
44.76 7 
44.78 7 
44.80 7 
44.82 21 
44.84 21 
44.86 14 
44.88 21 
44.90 21 
44.92 7 
44.94 28 
44.96 49 
44.98 14 
45.00 28 
45.02 28 
45.04 7 
45.06 14 
45.08 28 
45.10 14 
45.12 21 
45.14 7 
45.16 28 
45.18 42 
45.20 21 
45.22 35 
45.24 21 
45.26 28 
45.28 7 
45.30 49 
45.32 42 
45.34 21 
45.36 21 
45.38 21 
45.40 21 
45.42 28 
45.44 7 
45.46 14 
45.48 14 
45.50 35 
45.52 56 
45.54 21 
45.56 21 
45.58 28 
45.60 42 
45.62 21 
45.64 42 
45.66 21 
45.68 21 
45.70 7 
45.72 42 
45.74 35 
45.76 14 
45.78 28 
45.80 7 
45.82 49 
45.84 21 
45.86 14 
45.88 21 
45.90 28 
45.92 62 
45.94 14 
45.96 21 
45.98 35 
46.00 7 
46.02 35 
46.04 56 
46.06 21 
46.08 28 
46.10 14 
46.12 35 
46.14 56 
46.16 21 
46.18 14 
46.20 35 
46.22 28 
46.24 7 
46.26 42 
46.28 49 
46.30 7 
46.32 49 
46.34 28 
46.36 14 
46.38 28 
46.40 14 
46.42 42 
46.44 35 
46.46 21 
46.48 35 
46.50 7 
46.52 14 
46.54 62 
46.56 14 
46.58 35 
46.60 7 
46.62 21 
46.64 7 
46.66 7 
46.68 28 
46.70 49 
46.72 42 
46.74 7 
46.76 21 
46.78 14 
46.80 21 
46.82 35 
46.84 28 
46.86 21 
46.88 14 
46.90 42 
46.92 14 
46.94 28 
46.96 42 
46.98 35 
47.00 21 
47.02 28 
47.04 14 
47.06 76 
47.08 28 
47.10 7 
47.12 14 
47.14 42 
47.16 28 
47.18 21 
47.20 42 
47.22 7 
47.24 21 
47.26 21 
47.28 21 
47.30 7 
47.32 28 
47.34 21 
47.36 28 
47.38 35 
47.40 14 
47.42 14 
47.44 14 
47.46 14 
47.48 21 
47.50 28 
47.52 28 
47.54 21 
47.56 21 
47.58 14 
47.60 28 
47.62 14 
47.64 28 
47.66 21 
47.68 28 
47.70 21 
47.72 42 
47.74 21 
47.76 35 
47.78 35 
47.80 28 
47.82 7 
47.84 28 
47.86 21 
47.88 28 
47.90 42 
47.92 42 
47.94 21 
47.96 28 
47.98 14 
48.00 21 
48.02 21 
48.04 14 
48.06 42 
48.08 35 
48.10 21 
48.12 14 
48.14 42 
48.16 42 
48.18 7 
48.20 7 
48.22 21 
48.24 28 
48.26 7 
48.28 14 
48.30 35 
48.32 28 
48.34 7 
48.36 7 
48.38 28 
48.40 14 
48.42 21 
48.44 62 
48.46 21 
48.48 21 
48.50 21 
48.52 7 
48.54 21 
48.56 14 
48.58 21 
48.60 49 
48.62 14 
48.64 21 
48.66 21 
48.68 14 
48.70 14 
48.72 21 
48.74 14 
48.76 14 
48.78 28 
48.80 28 
48.82 35 
48.84 28 
48.86 42 
48.88 21 
48.90 7 
48.92 35 
48.94 28 
48.96 42 
48.98 28 
49.00 28 
49.02 21 
49.04 21 
49.06 28 
49.08 35 
49.10 56 
49.12 28 
49.14 28 
49.16 14 
49.18 28 
49.20 35 
49.22 14 
49.24 28 
49.26 35 
49.28 42 
49.30 21 
49.32 21 
49.34 28 
49.36 21 
49.38 28 
49.40 14 
49.42 28 
49.44 42 
49.46 14 
49.48 7 
49.50 14 
49.52 28 
49.54 14 
49.56 21 
49.58 21 
49.60 35 
49.62 14 
49.64 28 
49.66 21 
49.68 7 
49.70 35 
49.72 7 
49.74 56 
49.76 21 
49.78 28 
49.80 28 
49.82 42 
49.84 21 
49.86 35 
49.88 42 
49.90 35 
49.92 28 
49.94 28 
49.96 14 
49.98 21 
50.00 14 
50.02 42 
50.04 21 
50.06 35 
50.08 14 
50.10 28 
50.12 28 
50.14 21 
50.16 21 
50.18 21 
50.20 14 
50.22 7 
50.24 7 
50.26 28 
50.28 14 
50.30 28 
50.32 7 
50.34 21 
50.36 21 
50.38 21 
50.40 35 
50.42 28 
50.44 28 
50.46 21 
50.48 14 
50.50 21 
50.52 35 
50.54 21 
50.56 7 
50.58 42 
50.60 14 
50.62 14 
50.64 7 
50.66 21 
50.68 28 
50.70 21 
50.72 7 
50.74 35 
50.76 21 
50.78 14 
50.80 21 
50.82 28 
50.84 14 
50.86 7 
50.88 14 
50.90 28 
50.92 28 
50.94 35 
50.96 28 
50.98 7 
51.00 7 
51.02 35 
51.04 28 
51.06 42 
51.08 35 
51.10 35 
51.12 7 
51.14 28 
51.16 21 
51.18 14 
51.20 42 
51.22 7 
51.24 35 
51.26 7 
51.28 21 
51.30 28 
51.32 42 
51.34 14 
51.36 21 
51.38 7 
51.40 56 
51.42 7 
51.44 14 
51.46 7 
51.48 21 
51.50 14 
51.52 35 
51.54 14 
51.56 7 
51.58 28 
51.60 28 
51.62 28 
51.64 28 
51.66 21 
51.68 21 
51.70 35 
51.72 42 
51.74 14 
51.76 7 
51.78 14 
51.80 42 
51.82 21 
51.84 14 
51.86 42 
51.88 35 
51.90 28 
51.92 28 
51.94 14 
51.96 28 
51.98 14 
52.00 28 
52.02 14 
52.04 28 
52.06 21 
52.08 21 
52.10 21 
52.12 21 
52.14 21 
52.16 49 
52.18 28 
52.20 28 
52.22 21 
52.24 28 
52.26 28 
52.28 28 
52.30 7 
52.32 14 
52.34 14 
52.36 28 
52.38 14 
52.40 14 
52.42 21 
52.44 7 
52.46 7 
52.48 35 
52.50 21 
52.52 28 
52.54 28 
52.56 21 
52.58 21 
52.60 35 
52.62 28 
52.64 28 
52.66 7 
52.68 21 
52.70 49 
52.72 28 
52.74 14 
52.76 21 
52.78 42 
52.80 14 
52.82 28 
52.84 14 
52.86 28 
52.88 35 
52.90 21 
52.92 21 
52.94 28 
52.96 28 
52.98 14 
53.00 28 
53.02 14 
53.04 7 
53.06 7 
53.08 28 
53.10 21 
53.12 14 
53.14 21 
53.16 28 
53.18 7 
53.20 7 
53.22 35 
53.24 35 
53.26 35 
53.28 28 
53.30 14 
53.32 14 
53.34 7 
53.36 42 
53.38 49 
53.40 21 
53.42 28 
53.44 35 
53.46 28 
53.48 21 
53.50 14 
53.52 14 
53.54 14 
53.56 7 
53.58 21 
53.60 28 
53.62 56 
53.64 56 
53.66 7 
53.68 14 
53.70 21 
53.72 14 
53.74 28 
53.76 14 
53.78 42 
53.80 49 
53.82 7 
53.84 21 
53.86 7 
53.88 14 
53.90 28 
53.92 28 
53.94 42 
53.96 28 
53.98 28 
54.00 7 
54.02 14 
54.04 21 
54.06 35 
54.08 42 
54.10 28 
54.12 21 
54.14 7 
54.16 7 
54.18 7 
54.20 21 
54.22 14 
54.24 21 
54.26 35 
54.28 42 
54.30 49 
54.32 28 
54.34 35 
54.36 21 
54.38 21 
54.40 49 
54.42 7 
54.44 35 
54.46 21 
54.48 14 
54.50 14 
54.52 14 
54.54 7 
54.56 42 
54.58 42 
54.60 7 
54.62 14 
54.64 14 
54.66 35 
54.68 35 
54.70 14 
54.72 14 
54.74 14 
54.76 14 
54.78 21 
54.80 14 
54.82 28 
54.84 21 
54.86 14 
54.88 21 
54.90 28 
54.92 14 
54.94 14 
54.96 28 
54.98 21 
55.00 21 
55.02 35 
55.04 35 
55.06 28 
55.08 21 
55.10 35 
55.12 21 
55.14 7 
55.16 7 
55.18 14 
55.20 7 
55.22 7 
55.24 35 
55.26 14 
55.28 21 
55.30 14 
55.32 14 
55.34 28 
55.36 7 
55.38 35 
55.40 35 
55.42 21 
55.44 49 
55.46 49 
55.48 7 
55.50 28 
55.52 28 
55.54 28 
55.56 21 
55.58 21 
55.60 14 
55.62 21 
55.64 28 
55.66 28 
55.68 21 
55.70 14 
55.72 7 
55.74 35 
55.76 21 
55.78 21 
55.80 21 
55.82 7 
55.84 7 
55.86 7 
55.88 35 
55.90 35 
55.92 21 
55.94 28 
55.96 7 
55.98 14 
56.00 14 
56.02 14 
56.04 7 
56.06 21 
56.08 62 
56.10 21 
56.12 14 
56.14 21 
56.16 21 
56.18 21 
56.20 35 
56.22 21 
56.24 14 
56.26 35 
56.28 21 
56.30 7 
56.32 7 
56.34 42 
56.36 14 
56.38 35 
56.40 42 
56.42 21 
56.44 35 
56.46 7 
56.48 21 
56.50 7 
56.52 7 
56.54 7 
56.56 28 
56.58 28 
56.60 28 
56.62 14 
56.64 21 
56.66 21 
56.68 28 
56.70 28 
56.72 7 
56.74 28 
56.76 28 
56.78 14 
56.80 14 
56.82 28 
56.84 28 
56.86 14 
56.88 28 
56.90 7 
56.92 35 
56.94 7 
56.96 42 
56.98 21 
57.00 28 
57.02 28 
57.04 7 
57.06 21 
57.08 28 
57.10 49 
57.12 7 
57.14 21 
57.16 35 
57.18 42 
57.20 56 
57.22 7 
57.24 21 
57.26 28 
57.28 42 
57.30 42 
57.32 21 
57.34 14 
57.36 28 
57.38 49 
57.40 14 
57.42 28 
57.44 28 
57.46 7 
57.48 21 
57.50 7 
57.52 7 
57.54 35 
57.56 7 
57.58 35 
57.60 35 
57.62 21 
57.64 28 
57.66 21 
57.68 21 
57.70 14 
57.72 7 
57.74 28 
57.76 42 
57.78 14 
57.80 21 
57.82 7 
57.84 7 
57.86 28 
57.88 7 
57.90 28 
57.92 35 
57.94 28 
57.96 7 
57.98 21 
58.00 21 
58.02 28 
58.04 14 
58.06 21 
58.08 21 
58.10 21 
58.12 35 
58.14 49 
58.16 49 
58.18 7 
58.20 21 
58.22 28 
58.24 21 
58.26 7 
58.28 21 
58.30 7 
58.32 14 
58.34 21 
58.36 21 
58.38 14 
58.40 14 
58.42 28 
58.44 28 
58.46 7 
58.48 42 
58.50 28 
58.52 14 
58.54 14 
58.56 28 
58.58 14 
58.60 28 
58.62 21 
58.64 7 
58.66 28 
58.68 14 
58.70 35 
58.72 21 
58.74 35 
58.76 28 
58.78 21 
58.80 21 
58.82 42 
58.84 7 
58.86 21 
58.88 28 
58.90 56 
58.92 14 
58.94 14 
58.96 28 
58.98 14 
59.00 14 
59.02 7 
59.04 56 
59.06 21 
59.08 42 
59.10 21 
59.12 14 
59.14 28 
59.16 28 
59.18 14 
59.20 35 
59.22 28 
59.24 42 
59.26 14 
59.28 42 
59.30 14 
59.32 21 
59.34 28 
59.36 21 
59.38 35 
59.40 14 
59.42 49 
59.44 28 
59.46 14 
59.48 7 
59.50 21 
59.52 28 
59.54 21 
59.56 14 
59.58 21 
59.60 28 
59.62 21 
59.64 21 
59.66 21 
59.68 14 
59.70 49 
59.72 21 
59.74 35 
59.76 35 
59.78 21 
59.80 28 
59.82 35 
59.84 21 
59.86 14 
59.88 35 
59.90 28 
59.92 21 
59.94 14 
59.96 42 
59.98 35 
60.00 35 
60.02 49 
60.04 21 
60.06 7 
60.08 14 
60.10 21 
60.12 21 
60.14 21 
60.16 35 
60.18 21 
60.20 28 
60.22 28 
60.24 35 
60.26 7 
60.28 7 
60.30 7 
60.32 21 
60.34 14 
60.36 14 
60.38 21 
60.40 21 
60.42 21 
60.44 28 
60.46 14 
60.48 21 
60.50 28 
60.52 28 
60.54 35 
60.56 14 
60.58 28 
60.60 35 
60.62 21 
60.64 7 
60.66 21 
60.68 35 
60.70 35 
60.72 28 
60.74 21 
60.76 14 
60.78 14 
60.80 14 
60.82 14 
60.84 14 
60.86 21 
60.88 35 
60.90 14 
60.92 28 
60.94 14 
60.96 7 
60.98 7 
61.00 7 
61.02 49 
61.04 7 
61.06 7 
61.08 49 
61.10 7 
61.12 35 
61.14 49 
61.16 21 
61.18 21 
61.20 7 
61.22 7 
61.24 7 
61.26 14 
61.28 21 
61.30 7 
61.32 21 
61.34 7 
61.36 21 
61.38 7 
61.40 7 
61.42 7 
61.44 21 
61.46 28 
61.48 42 
61.50 21 
61.52 14 
61.54 7 
61.56 14 
61.58 21 
61.60 28 
61.62 7 
61.64 21 
61.66 21 
61.68 14 
61.70 28 
61.72 7 
61.74 14 
61.76 7 
61.78 14 
61.80 21 
61.82 14 
61.84 56 
61.86 42 
61.88 14 
61.90 14 
61.92 7 
61.94 14 
61.96 42 
61.98 14 
62.00 28 
62.02 14 
62.04 28 
62.06 28 
62.08 35 
62.10 28 
62.12 49 
62.14 21 
62.16 7 
62.18 28 
62.20 7 
62.22 14 
62.24 7 
62.26 21 
62.28 21 
62.30 7 
62.32 35 
62.34 21 
62.36 14 
62.38 28 
62.40 7 
62.42 21 
62.44 21 
62.46 21 
62.48 35 
62.50 14 
62.52 21 
62.54 28 
62.56 35 
62.58 7 
62.60 21 
62.62 35 
62.64 21 
62.66 14 
62.68 14 
62.70 14 
62.72 14 
62.74 21 
62.76 35 
62.78 62 
62.80 14 
62.82 35 
62.84 21 
62.86 35 
62.88 42 
62.90 7 
62.92 7 
62.94 35 
62.96 21 
62.98 21 
63.00 49 
63.02 28 
63.04 28 
63.06 21 
63.08 28 
63.10 7 
63.12 35 
63.14 7 
63.16 14 
63.18 21 
63.20 14 
63.22 14 
63.24 35 
63.26 21 
63.28 21 
63.30 35 
63.32 21 
63.34 21 
63.36 28 
63.38 14 
63.40 21 
63.42 21 
63.44 28 
63.46 21 
63.48 42 
63.50 7 
63.52 28 
63.54 35 
63.56 21 
63.58 21 
63.60 21 
63.62 14 
63.64 14 
63.66 21 
63.68 14 
63.70 21 
63.72 21 
63.74 14 
63.76 7 
63.78 28 
63.80 21 
63.82 42 
63.84 7 
63.86 49 
63.88 21 
63.90 35 
63.92 7 
63.94 14 
63.96 28 
63.98 21 
64.00 21 
64.02 28 
64.04 21 
64.06 7 
64.08 49 
64.10 28 
64.12 7 
64.14 28 
64.16 28 
64.18 28 
64.20 21 
64.22 7 
64.24 28 
64.26 42 
64.28 14 
64.30 28 
64.32 7 
64.34 14 
64.36 35 
64.38 21 
64.40 14 
64.42 28 
64.44 28 
64.46 28 
64.48 7 
64.50 7 
64.52 14 
64.54 28 
64.56 28 
64.58 14 
64.60 21 
64.62 21 
64.64 28 
64.66 7 
64.68 28 
64.70 21 
64.72 14 
64.74 14 
64.76 35 
64.78 14 
64.80 35 
64.82 21 
64.84 28 
64.86 7 
64.88 14 
64.90 7 
64.92 7 
64.94 21 
64.96 14 
64.98 14 
65.00 49 
65.02 21 
65.04 42 
65.06 42 
65.08 35 
65.10 21 
65.12 28 
65.14 21 
65.16 21 
65.18 21 
65.20 14 
65.22 21 
65.24 14 
65.26 35 
65.28 7 
65.30 14 
65.32 14 
65.34 21 
65.36 49 
65.38 14 
65.40 21 
65.42 56 
65.44 14 
65.46 28 
65.48 21 
65.50 28 
65.52 14 
65.54 14 
65.56 28 
65.58 35 
65.60 28 
65.62 14 
65.64 14 
65.66 28 
65.68 21 
65.70 35 
65.72 14 
65.74 7 
65.76 42 
65.78 14 
65.80 14 
65.82 21 
65.84 35 
65.86 28 
65.88 7 
65.90 14 
65.92 14 
65.94 21 
65.96 21 
65.98 14 
66.00 21 
66.02 14 
66.04 14 
66.06 21 
66.08 21 
66.10 35 
66.12 35 
66.14 14 
66.16 14 
66.18 56 
66.20 21 
66.22 14 
66.24 14 
66.26 35 
66.28 14 
66.30 35 
66.32 14 
66.34 7 
66.36 21 
66.38 14 
66.40 14 
66.42 21 
66.44 14 
66.46 42 
66.48 21 
66.50 28 
66.52 7 
66.54 14 
66.56 28 
66.58 14 
66.60 14 
66.62 7 
66.64 28 
66.66 21 
66.68 35 
66.70 35 
66.72 28 
66.74 21 
66.76 21 
66.78 42 
66.80 35 
66.82 14 
66.84 14 
66.86 7 
66.88 35 
66.90 35 
66.92 21 
66.94 21 
66.96 14 
66.98 14 
67.00 7 
67.02 7 
67.04 14 
67.06 14 
67.08 7 
67.10 21 
67.12 49 
67.14 14 
67.16 28 
67.18 21 
67.20 14 
67.22 14 
67.24 28 
67.26 21 
67.28 28 
67.30 28 
67.32 21 
67.34 7 
67.36 21 
67.38 14 
67.40 7 
67.42 49 
67.44 14 
67.46 28 
67.48 21 
67.50 7 
67.52 28 
67.54 35 
67.56 14 
67.58 14 
67.60 21 
67.62 21 
67.64 21 
67.66 21 
67.68 21 
67.70 21 
67.72 42 
67.74 7 
67.76 7 
67.78 14 
67.80 14 
67.82 21 
67.84 35 
67.86 21 
67.88 7 
67.90 7 
67.92 7 
67.94 7 
67.96 7 
67.98 28 
68.00 14 
68.02 7 
68.04 7 
68.06 42 
68.08 14 
68.10 7 
68.12 14 
68.14 28 
68.16 21 
68.18 21 
68.20 28 
68.22 56 
68.24 14 
68.26 42 
68.28 21 
68.30 21 
68.32 35 
68.34 28 
68.36 7 
68.38 14 
68.40 14 
68.42 28 
68.44 28 
68.46 28 
68.48 7 
68.50 28 
68.52 21 
68.54 7 
68.56 28 
68.58 35 
68.60 35 
68.62 21 
68.64 49 
68.66 49 
68.68 28 
68.70 7 
68.72 28 
68.74 42 
68.76 28 
68.78 21 
68.80 21 
68.82 7 
68.84 21 
68.86 14 
68.88 21 
68.90 7 
68.92 21 
68.94 28 
68.96 28 
68.98 49 
69.00 35 
69.02 7 
69.04 28 
69.06 14 
69.08 28 
69.10 7 
69.12 7 
69.14 35 
69.16 21 
69.18 42 
69.20 42 
69.22 49 
69.24 28 
69.26 7 
69.28 21 
69.30 21 
69.32 21 
69.34 21 
69.36 14 
69.38 21 
69.40 35 
69.42 14 
69.44 14 
69.46 28 
69.48 21 
69.50 21 
69.52 35 
69.54 28 
69.56 28 
69.58 42 
69.60 14 
69.62 14 
69.64 14 
69.66 28 
69.68 14 
69.70 14 
69.72 7 
69.74 42 
69.76 42 
69.78 28 
69.80 28 
69.82 14 
69.84 28 
69.86 21 
69.88 7 
69.90 14 
69.92 21 
69.94 21 
69.96 14 
69.98 14 
