实验日期:2022-3-16
文件名:d:\我的文档\桌面\jwf\ZnO.TXT
样品名:ZnO
实验者: 
起始角= 20 
终止角= 70 
步宽= .02 
波长=1.5406
 30 kV,  15 mA
20.00 7 
20.02 14 
20.04 14 
20.06 28 
20.08 14 
20.10 7 
20.12 14 
20.14 14 
20.16 14 
20.18 14 
20.20 14 
20.22 14 
20.24 21 
20.26 7 
20.28 7 
20.30 7 
20.32 7 
20.34 14 
20.36 7 
20.38 28 
20.40 7 
20.42 7 
20.44 14 
20.46 7 
20.48 7 
20.50 14 
20.52 7 
20.54 7 
20.56 7 
20.58 7 
20.60 14 
20.62 21 
20.64 14 
20.66 14 
20.68 7 
20.70 7 
20.72 14 
20.74 7 
20.76 7 
20.78 7 
20.80 7 
20.82 14 
20.84 21 
20.86 21 
20.88 21 
20.90 21 
20.92 14 
20.94 21 
20.96 7 
20.98 14 
21.00 21 
21.02 7 
21.04 7 
21.06 7 
21.08 21 
21.10 21 
21.12 7 
21.14 14 
21.16 21 
21.18 28 
21.20 28 
21.22 14 
21.24 28 
21.26 7 
21.28 7 
21.30 7 
21.32 7 
21.34 7 
21.36 7 
21.38 7 
21.40 7 
21.42 7 
21.44 7 
21.46 7 
21.48 14 
21.50 14 
21.52 7 
21.54 14 
21.56 21 
21.58 7 
21.60 14 
21.62 14 
21.64 14 
21.66 21 
21.68 14 
21.70 14 
21.72 7 
21.74 35 
21.76 35 
21.78 14 
21.80 7 
21.82 21 
21.84 21 
21.86 7 
21.88 21 
21.90 28 
21.92 21 
21.94 7 
21.96 7 
21.98 7 
22.00 7 
22.02 42 
22.04 42 
22.06 7 
22.08 7 
22.10 7 
22.12 21 
22.14 14 
22.16 14 
22.18 14 
22.20 14 
22.22 7 
22.24 7 
22.26 21 
22.28 14 
22.30 7 
22.32 7 
22.34 7 
22.36 28 
22.38 7 
22.40 7 
22.42 7 
22.44 14 
22.46 14 
22.48 7 
22.50 7 
22.52 7 
22.54 14 
22.56 7 
22.58 21 
22.60 7 
22.62 7 
22.64 7 
22.66 14 
22.68 7 
22.70 7 
22.72 7 
22.74 21 
22.76 14 
22.78 7 
22.80 7 
22.82 7 
22.84 7 
22.86 21 
22.88 14 
22.90 14 
22.92 28 
22.94 28 
22.96 28 
22.98 21 
23.00 14 
23.02 7 
23.04 35 
23.06 7 
23.08 14 
23.10 14 
23.12 14 
23.14 21 
23.16 21 
23.18 21 
23.20 14 
23.22 21 
23.24 21 
23.26 7 
23.28 7 
23.30 14 
23.32 28 
23.34 14 
23.36 14 
23.38 7 
23.40 7 
23.42 14 
23.44 7 
23.46 14 
23.48 14 
23.50 21 
23.52 7 
23.54 7 
23.56 14 
23.58 14 
23.60 14 
23.62 14 
23.64 7 
23.66 7 
23.68 14 
23.70 14 
23.72 14 
23.74 14 
23.76 7 
23.78 7 
23.80 7 
23.82 7 
23.84 7 
23.86 14 
23.88 21 
23.90 21 
23.92 7 
23.94 35 
23.96 7 
23.98 7 
24.00 7 
24.02 14 
24.04 7 
24.06 14 
24.08 14 
24.10 14 
24.12 7 
24.14 35 
24.16 35 
24.18 14 
24.20 7 
24.22 7 
24.24 7 
24.26 14 
24.28 14 
24.30 28 
24.32 14 
24.34 7 
24.36 7 
24.38 14 
24.40 7 
24.42 7 
24.44 7 
24.46 7 
24.48 7 
24.50 14 
24.52 28 
24.54 28 
24.56 7 
24.58 7 
24.60 21 
24.62 21 
24.64 21 
24.66 7 
24.68 21 
24.70 7 
24.72 14 
24.74 21 
24.76 21 
24.78 7 
24.80 14 
24.82 7 
24.84 7 
24.86 14 
24.88 14 
24.90 7 
24.92 7 
24.94 28 
24.96 7 
24.98 7 
25.00 21 
25.02 21 
25.04 21 
25.06 14 
25.08 14 
25.10 7 
25.12 7 
25.14 14 
25.16 21 
25.18 21 
25.20 21 
25.22 7 
25.24 21 
25.26 28 
25.28 14 
25.30 14 
25.32 14 
25.34 7 
25.36 14 
25.38 21 
25.40 21 
25.42 7 
25.44 7 
25.46 7 
25.48 14 
25.50 7 
25.52 14 
25.54 7 
25.56 7 
25.58 21 
25.60 21 
25.62 7 
25.64 7 
25.66 21 
25.68 21 
25.70 14 
25.72 7 
25.74 14 
25.76 7 
25.78 7 
25.80 7 
25.82 21 
25.84 21 
25.86 14 
25.88 14 
25.90 7 
25.92 14 
25.94 35 
25.96 7 
25.98 7 
26.00 7 
26.02 7 
26.04 7 
26.06 7 
26.08 7 
26.10 7 
26.12 7 
26.14 7 
26.16 7 
26.18 14 
26.20 14 
26.22 14 
26.24 14 
26.26 21 
26.28 7 
26.30 7 
26.32 7 
26.34 7 
26.36 7 
26.38 21 
26.40 7 
26.42 28 
26.44 7 
26.46 7 
26.48 7 
26.50 7 
26.52 7 
26.54 14 
26.56 7 
26.58 21 
26.60 14 
26.62 7 
26.64 7 
26.66 14 
26.68 7 
26.70 21 
26.72 21 
26.74 21 
26.76 21 
26.78 7 
26.80 7 
26.82 7 
26.84 7 
26.86 7 
26.88 35 
26.90 14 
26.92 14 
26.94 21 
26.96 14 
26.98 7 
27.00 14 
27.02 14 
27.04 14 
27.06 14 
27.08 28 
27.10 14 
27.12 7 
27.14 7 
27.16 14 
27.18 7 
27.20 21 
27.22 7 
27.24 7 
27.26 21 
27.28 7 
27.30 14 
27.32 14 
27.34 14 
27.36 28 
27.38 28 
27.40 7 
27.42 7 
27.44 7 
27.46 7 
27.48 7 
27.50 28 
27.52 7 
27.54 21 
27.56 21 
27.58 7 
27.60 7 
27.62 21 
27.64 21 
27.66 21 
27.68 21 
27.70 7 
27.72 14 
27.74 7 
27.76 14 
27.78 7 
27.80 7 
27.82 21 
27.84 14 
27.86 14 
27.88 14 
27.90 14 
27.92 21 
27.94 28 
27.96 7 
27.98 7 
28.00 14 
28.02 7 
28.04 14 
28.06 7 
28.08 28 
28.10 7 
28.12 7 
28.14 7 
28.16 7 
28.18 35 
28.20 21 
28.22 14 
28.24 7 
28.26 14 
28.28 7 
28.30 7 
28.32 14 
28.34 28 
28.36 7 
28.38 14 
28.40 14 
28.42 21 
28.44 7 
28.46 7 
28.48 21 
28.50 7 
28.52 14 
28.54 7 
28.56 7 
28.58 7 
28.60 7 
28.62 14 
28.64 7 
28.66 14 
28.68 14 
28.70 14 
28.72 21 
28.74 21 
28.76 7 
28.78 7 
28.80 7 
28.82 7 
28.84 7 
28.86 7 
28.88 14 
28.90 7 
28.92 14 
28.94 21 
28.96 7 
28.98 28 
29.00 7 
29.02 21 
29.04 14 
29.06 14 
29.08 7 
29.10 7 
29.12 7 
29.14 7 
29.16 14 
29.18 14 
29.20 14 
29.22 14 
29.24 7 
29.26 14 
29.28 14 
29.30 7 
29.32 14 
29.34 14 
29.36 14 
29.38 14 
29.40 14 
29.42 21 
29.44 21 
29.46 21 
29.48 14 
29.50 14 
29.52 21 
29.54 14 
29.56 14 
29.58 14 
29.60 35 
29.62 21 
29.64 7 
29.66 7 
29.68 35 
29.70 14 
29.72 14 
29.74 7 
29.76 7 
29.78 14 
29.80 21 
29.82 14 
29.84 14 
29.86 14 
29.88 7 
29.90 14 
29.92 21 
29.94 7 
29.96 21 
29.98 7 
30.00 7 
30.02 35 
30.04 35 
30.06 21 
30.08 21 
30.10 14 
30.12 7 
30.14 7 
30.16 35 
30.18 35 
30.20 42 
30.22 28 
30.24 21 
30.26 42 
30.28 14 
30.30 28 
30.32 21 
30.34 14 
30.36 21 
30.38 21 
30.40 28 
30.42 14 
30.44 35 
30.46 35 
30.48 56 
30.50 35 
30.52 35 
30.54 35 
30.56 28 
30.58 49 
30.60 42 
30.62 42 
30.64 28 
30.66 7 
30.68 62 
30.70 28 
30.72 14 
30.74 14 
30.76 28 
30.78 7 
30.80 42 
30.82 35 
30.84 35 
30.86 14 
30.88 35 
30.90 28 
30.92 42 
30.94 62 
30.96 62 
30.98 56 
31.00 42 
31.02 21 
31.04 62 
31.06 49 
31.08 42 
31.10 56 
31.12 62 
31.14 69 
31.16 35 
31.18 62 
31.20 76 
31.22 56 
31.24 97 
31.26 90 
31.28 125 
31.30 111 
31.32 139 
31.34 160 
31.36 153 
31.38 188 
31.40 319 
31.42 417 
31.44 562 
31.46 653 
31.48 882 
31.50 1243 
31.52 1486 
31.54 1667 
31.56 1938 
31.58 1896 
31.60 1875 
31.62 1486 
31.64 1278 
31.66 1125 
31.68 833 
31.70 431 
31.72 396 
31.74 215 
31.76 160 
31.78 132 
31.80 83 
31.82 80 
31.84 76 
31.86 56 
31.88 35 
31.90 56 
31.92 35 
31.94 28 
31.96 49 
31.98 49 
32.00 28 
32.02 28 
32.04 35 
32.06 28 
32.08 28 
32.10 28 
32.12 21 
32.14 7 
32.16 7 
32.18 21 
32.20 21 
32.22 28 
32.24 7 
32.26 14 
32.28 7 
32.30 14 
32.32 21 
32.34 21 
32.36 7 
32.38 7 
32.40 35 
32.42 14 
32.44 14 
32.46 21 
32.48 28 
32.50 14 
32.52 49 
32.54 14 
32.56 14 
32.58 7 
32.60 21 
32.62 21 
32.64 62 
32.66 28 
32.68 28 
32.70 28 
32.72 7 
32.74 21 
32.76 7 
32.78 21 
32.80 7 
32.82 35 
32.84 14 
32.86 7 
32.88 21 
32.90 28 
32.92 14 
32.94 28 
32.96 14 
32.98 21 
33.00 21 
33.02 28 
33.04 28 
33.06 49 
33.08 14 
33.10 7 
33.12 42 
33.14 14 
33.16 28 
33.18 7 
33.20 28 
33.22 28 
33.24 14 
33.26 28 
33.28 28 
33.30 28 
33.32 21 
33.34 35 
33.36 49 
33.38 21 
33.40 35 
33.42 35 
33.44 42 
33.46 14 
33.48 21 
33.50 28 
33.52 14 
33.54 21 
33.56 42 
33.58 35 
33.60 35 
33.62 42 
33.64 56 
33.66 42 
33.68 14 
33.70 35 
33.72 28 
33.74 28 
33.76 62 
33.78 56 
33.80 35 
33.82 42 
33.84 76 
33.86 49 
33.88 62 
33.90 49 
33.92 42 
33.94 118 
33.96 90 
33.98 83 
34.00 90 
34.02 104 
34.04 153 
34.06 160 
34.08 292 
34.10 375 
34.12 403 
34.14 708 
34.16 771 
34.18 1118 
34.20 1424 
34.22 1368 
34.24 1361 
34.26 1215 
34.28 1014 
34.30 701 
34.32 757 
34.34 521 
34.36 458 
34.38 188 
34.40 153 
34.42 118 
34.44 49 
34.46 76 
34.48 104 
34.50 42 
34.52 76 
34.54 56 
34.56 90 
34.58 56 
34.60 35 
34.62 62 
34.64 42 
34.66 21 
34.68 42 
34.70 76 
34.72 35 
34.74 14 
34.76 76 
34.78 35 
34.80 49 
34.82 42 
34.84 49 
34.86 56 
34.88 76 
34.90 14 
34.92 35 
34.94 62 
34.96 62 
34.98 21 
35.00 42 
35.02 35 
35.04 28 
35.06 62 
35.08 42 
35.10 56 
35.12 42 
35.14 62 
35.16 69 
35.18 69 
35.20 35 
35.22 76 
35.24 97 
35.26 62 
35.28 49 
35.30 42 
35.32 35 
35.34 69 
35.36 21 
35.38 42 
35.40 62 
35.42 62 
35.44 42 
35.46 97 
35.48 62 
35.50 42 
35.52 49 
35.54 69 
35.56 90 
35.58 83 
35.60 56 
35.62 118 
35.64 97 
35.66 97 
35.68 69 
35.70 97 
35.72 104 
35.74 83 
35.76 160 
35.78 164 
35.80 167 
35.82 160 
35.84 333 
35.86 340 
35.88 458 
35.90 521 
35.92 590 
35.94 993 
35.96 1382 
35.98 1674 
36.00 2333 
36.02 2618 
36.04 3306 
36.06 3347 
36.08 3160 
36.10 2528 
36.12 2111 
36.14 1972 
36.16 1708 
36.18 1229 
36.20 882 
36.22 562 
36.24 410 
36.26 285 
36.28 236 
36.30 153 
36.32 132 
36.34 83 
36.36 76 
36.38 62 
36.40 56 
36.42 46 
36.44 35 
36.46 69 
36.48 62 
36.50 56 
36.52 28 
36.54 35 
36.56 21 
36.58 42 
36.60 69 
36.62 14 
36.64 14 
36.66 28 
36.68 28 
36.70 35 
36.72 7 
36.74 7 
36.76 7 
36.78 14 
36.80 7 
36.82 21 
36.84 28 
36.86 21 
36.88 7 
36.90 14 
36.92 7 
36.94 35 
36.96 21 
36.98 14 
37.00 28 
37.02 14 
37.04 14 
37.06 21 
37.08 21 
37.10 21 
37.12 14 
37.14 35 
37.16 7 
37.18 14 
37.20 7 
37.22 7 
37.24 7 
37.26 7 
37.28 14 
37.30 42 
37.32 21 
37.34 42 
37.36 21 
37.38 7 
37.40 21 
37.42 14 
37.44 28 
37.46 21 
37.48 14 
37.50 7 
37.52 7 
37.54 7 
37.56 7 
37.58 7 
37.60 7 
37.62 14 
37.64 7 
37.66 7 
37.68 7 
37.70 14 
37.72 42 
37.74 42 
37.76 7 
37.78 7 
37.80 7 
37.82 7 
37.84 7 
37.86 14 
37.88 21 
37.90 28 
37.92 28 
37.94 28 
37.96 28 
37.98 14 
38.00 7 
38.02 7 
38.04 7 
38.06 28 
38.08 28 
38.10 28 
38.12 21 
38.14 7 
38.16 28 
38.18 14 
38.20 28 
38.22 7 
38.24 28 
38.26 28 
38.28 14 
38.30 28 
38.32 14 
38.34 7 
38.36 7 
38.38 7 
38.40 14 
38.42 14 
38.44 28 
38.46 28 
38.48 7 
38.50 7 
38.52 21 
38.54 7 
38.56 7 
38.58 7 
38.60 7 
38.62 7 
38.64 14 
38.66 14 
38.68 7 
38.70 7 
38.72 14 
38.74 14 
38.76 7 
38.78 14 
38.80 14 
38.82 7 
38.84 7 
38.86 14 
38.88 7 
38.90 14 
38.92 14 
38.94 7 
38.96 7 
38.98 14 
39.00 14 
39.02 21 
39.04 7 
39.06 7 
39.08 28 
39.10 28 
39.12 7 
39.14 7 
39.16 7 
39.18 7 
39.20 21 
39.22 21 
39.24 21 
39.26 7 
39.28 7 
39.30 7 
39.32 7 
39.34 14 
39.36 14 
39.38 7 
39.40 14 
39.42 14 
39.44 21 
39.46 14 
39.48 7 
39.50 7 
39.52 42 
39.54 7 
39.56 7 
39.58 7 
39.60 21 
39.62 7 
39.64 7 
39.66 7 
39.68 7 
39.70 7 
39.72 14 
39.74 14 
39.76 14 
39.78 14 
39.80 7 
39.82 7 
39.84 7 
39.86 21 
39.88 21 
39.90 14 
39.92 35 
39.94 7 
39.96 7 
39.98 14 
40.00 7 
40.02 7 
40.04 7 
40.06 7 
40.08 7 
40.10 21 
40.12 21 
40.14 21 
40.16 7 
40.18 14 
40.20 21 
40.22 7 
40.24 21 
40.26 7 
40.28 28 
40.30 7 
40.32 7 
40.34 21 
40.36 21 
40.38 21 
40.40 28 
40.42 7 
40.44 7 
40.46 7 
40.48 21 
40.50 7 
40.52 7 
40.54 21 
40.56 21 
40.58 14 
40.60 7 
40.62 7 
40.64 21 
40.66 7 
40.68 7 
40.70 14 
40.72 14 
40.74 14 
40.76 14 
40.78 7 
40.80 7 
40.82 7 
40.84 21 
40.86 21 
40.88 21 
40.90 21 
40.92 28 
40.94 14 
40.96 14 
40.98 28 
41.00 21 
41.02 28 
41.04 28 
41.06 14 
41.08 14 
41.10 14 
41.12 14 
41.14 7 
41.16 7 
41.18 7 
41.20 7 
41.22 14 
41.24 14 
41.26 14 
41.28 7 
41.30 7 
41.32 7 
41.34 21 
41.36 7 
41.38 7 
41.40 7 
41.42 21 
41.44 7 
41.46 14 
41.48 7 
41.50 14 
41.52 21 
41.54 14 
41.56 7 
41.58 21 
41.60 7 
41.62 7 
41.64 7 
41.66 35 
41.68 21 
41.70 7 
41.72 7 
41.74 7 
41.76 7 
41.78 7 
41.80 7 
41.82 35 
41.84 35 
41.86 7 
41.88 7 
41.90 7 
41.92 14 
41.94 14 
41.96 7 
41.98 7 
42.00 14 
42.02 14 
42.04 7 
42.06 7 
42.08 14 
42.10 14 
42.12 21 
42.14 7 
42.16 7 
42.18 21 
42.20 7 
42.22 7 
42.24 7 
42.26 21 
42.28 14 
42.30 21 
42.32 7 
42.34 7 
42.36 14 
42.38 14 
42.40 28 
42.42 21 
42.44 7 
42.46 7 
42.48 14 
42.50 14 
42.52 7 
42.54 14 
42.56 14 
42.58 28 
42.60 21 
42.62 7 
42.64 7 
42.66 28 
42.68 28 
42.70 7 
42.72 14 
42.74 7 
42.76 14 
42.78 7 
42.80 7 
42.82 14 
42.84 14 
42.86 14 
42.88 7 
42.90 7 
42.92 7 
42.94 14 
42.96 14 
42.98 14 
43.00 14 
43.02 7 
43.04 7 
43.06 14 
43.08 21 
43.10 7 
43.12 14 
43.14 28 
43.16 7 
43.18 7 
43.20 7 
43.22 21 
43.24 21 
43.26 7 
43.28 7 
43.30 7 
43.32 21 
43.34 14 
43.36 7 
43.38 14 
43.40 14 
43.42 14 
43.44 14 
43.46 21 
43.48 21 
43.50 21 
43.52 28 
43.54 7 
43.56 7 
43.58 7 
43.60 7 
43.62 7 
43.64 7 
43.66 7 
43.68 7 
43.70 7 
43.72 14 
43.74 14 
43.76 14 
43.78 7 
43.80 7 
43.82 7 
43.84 14 
43.86 14 
43.88 14 
43.90 21 
43.92 7 
43.94 7 
43.96 28 
43.98 28 
44.00 7 
44.02 14 
44.04 7 
44.06 14 
44.08 7 
44.10 7 
44.12 14 
44.14 7 
44.16 7 
44.18 14 
44.20 7 
44.22 7 
44.24 7 
44.26 21 
44.28 21 
44.30 35 
44.32 14 
44.34 21 
44.36 7 
44.38 7 
44.40 7 
44.42 28 
44.44 7 
44.46 7 
44.48 21 
44.50 7 
44.52 14 
44.54 14 
44.56 14 
44.58 7 
44.60 7 
44.62 7 
44.64 14 
44.66 14 
44.68 14 
44.70 14 
44.72 21 
44.74 21 
44.76 7 
44.78 14 
44.80 14 
44.82 21 
44.84 28 
44.86 7 
44.88 21 
44.90 21 
44.92 21 
44.94 7 
44.96 7 
44.98 7 
45.00 7 
45.02 14 
45.04 14 
45.06 14 
45.08 7 
45.10 7 
45.12 21 
45.14 14 
45.16 7 
45.18 14 
45.20 7 
45.22 14 
45.24 7 
45.26 7 
45.28 14 
45.30 7 
45.32 28 
45.34 28 
45.36 14 
45.38 7 
45.40 7 
45.42 7 
45.44 7 
45.46 14 
45.48 7 
45.50 21 
45.52 14 
45.54 14 
45.56 7 
45.58 7 
45.60 7 
45.62 7 
45.64 14 
45.66 14 
45.68 7 
45.70 7 
45.72 7 
45.74 7 
45.76 7 
45.78 7 
45.80 28 
45.82 14 
45.84 14 
45.86 14 
45.88 14 
45.90 21 
45.92 14 
45.94 7 
45.96 7 
45.98 28 
46.00 7 
46.02 7 
46.04 35 
46.06 7 
46.08 7 
46.10 21 
46.12 28 
46.14 28 
46.16 7 
46.18 14 
46.20 14 
46.22 21 
46.24 14 
46.26 7 
46.28 42 
46.30 21 
46.32 21 
46.34 14 
46.36 35 
46.38 28 
46.40 28 
46.42 14 
46.44 14 
46.46 35 
46.48 14 
46.50 7 
46.52 42 
46.54 7 
46.56 21 
46.58 28 
46.60 21 
46.62 21 
46.64 7 
46.66 14 
46.68 28 
46.70 21 
46.72 14 
46.74 7 
46.76 28 
46.78 7 
46.80 56 
46.82 14 
46.84 28 
46.86 62 
46.88 21 
46.90 49 
46.92 21 
46.94 14 
46.96 21 
46.98 21 
47.00 42 
47.02 21 
47.04 35 
47.06 49 
47.08 42 
47.10 83 
47.12 83 
47.14 111 
47.16 97 
47.18 118 
47.20 132 
47.22 229 
47.24 257 
47.26 312 
47.28 361 
47.30 493 
47.32 611 
47.34 632 
47.36 674 
47.38 583 
47.40 389 
47.42 347 
47.44 410 
47.46 285 
47.48 271 
47.50 257 
47.52 222 
47.54 125 
47.56 97 
47.58 42 
47.60 28 
47.62 42 
47.64 21 
47.66 21 
47.68 35 
47.70 14 
47.72 14 
47.74 28 
47.76 7 
47.78 35 
47.80 28 
47.82 21 
47.84 21 
47.86 14 
47.88 28 
47.90 28 
47.92 14 
47.94 14 
47.96 14 
47.98 7 
48.00 7 
48.02 7 
48.04 7 
48.06 7 
48.08 14 
48.10 21 
48.12 14 
48.14 14 
48.16 14 
48.18 14 
48.20 14 
48.22 7 
48.24 7 
48.26 14 
48.28 7 
48.30 7 
48.32 14 
48.34 28 
48.36 14 
48.38 14 
48.40 7 
48.42 14 
48.44 7 
48.46 7 
48.48 21 
48.50 21 
48.52 21 
48.54 21 
48.56 7 
48.58 14 
48.60 7 
48.62 21 
48.64 21 
48.66 7 
48.68 14 
48.70 7 
48.72 7 
48.74 14 
48.76 14 
48.78 7 
48.80 7 
48.82 14 
48.84 7 
48.86 21 
48.88 21 
48.90 14 
48.92 7 
48.94 7 
48.96 7 
48.98 7 
49.00 7 
49.02 7 
49.04 7 
49.06 14 
49.08 14 
49.10 14 
49.12 7 
49.14 7 
49.16 7 
49.18 14 
49.20 14 
49.22 14 
49.24 14 
49.26 14 
49.28 7 
49.30 7 
49.32 14 
49.34 14 
49.36 21 
49.38 14 
49.40 21 
49.42 7 
49.44 7 
49.46 7 
49.48 21 
49.50 7 
49.52 7 
49.54 21 
49.56 14 
49.58 14 
49.60 7 
49.62 21 
49.64 21 
49.66 21 
49.68 14 
49.70 14 
49.72 14 
49.74 14 
49.76 14 
49.78 7 
49.80 21 
49.82 7 
49.84 7 
49.86 7 
49.88 7 
49.90 7 
49.92 7 
49.94 7 
49.96 14 
49.98 14 
50.00 7 
50.02 7 
50.04 14 
50.06 7 
50.08 14 
50.10 35 
50.12 7 
50.14 7 
50.16 7 
50.18 7 
50.20 7 
50.22 7 
50.24 7 
50.26 21 
50.28 7 
50.30 14 
50.32 14 
50.34 14 
50.36 7 
50.38 14 
50.40 14 
50.42 21 
50.44 14 
50.46 14 
50.48 7 
50.50 7 
50.52 7 
50.54 14 
50.56 7 
50.58 14 
50.60 14 
50.62 14 
50.64 14 
50.66 14 
50.68 14 
50.70 7 
50.72 7 
50.74 7 
50.76 21 
50.78 21 
50.80 7 
50.82 14 
50.84 7 
50.86 14 
50.88 14 
50.90 7 
50.92 14 
50.94 14 
50.96 7 
50.98 28 
51.00 7 
51.02 7 
51.04 21 
51.06 7 
51.08 35 
51.10 7 
51.12 7 
51.14 7 
51.16 21 
51.18 14 
51.20 14 
51.22 7 
51.24 7 
51.26 14 
51.28 28 
51.30 7 
51.32 14 
51.34 14 
51.36 14 
51.38 7 
51.40 21 
51.42 21 
51.44 14 
51.46 21 
51.48 7 
51.50 14 
51.52 21 
51.54 21 
51.56 21 
51.58 14 
51.60 14 
51.62 14 
51.64 14 
51.66 14 
51.68 14 
51.70 7 
51.72 7 
51.74 7 
51.76 14 
51.78 7 
51.80 7 
51.82 7 
51.84 7 
51.86 14 
51.88 21 
51.90 14 
51.92 14 
51.94 7 
51.96 14 
51.98 14 
52.00 14 
52.02 21 
52.04 7 
52.06 7 
52.08 14 
52.10 14 
52.12 14 
52.14 14 
52.16 7 
52.18 28 
52.20 21 
52.22 7 
52.24 7 
52.26 7 
52.28 7 
52.30 14 
52.32 7 
52.34 7 
52.36 28 
52.38 7 
52.40 7 
52.42 28 
52.44 21 
52.46 7 
52.48 7 
52.50 7 
52.52 7 
52.54 7 
52.56 7 
52.58 7 
52.60 7 
52.62 7 
52.64 14 
52.66 14 
52.68 21 
52.70 21 
52.72 21 
52.74 21 
52.76 14 
52.78 21 
52.80 14 
52.82 21 
52.84 14 
52.86 14 
52.88 14 
52.90 28 
52.92 21 
52.94 7 
52.96 7 
52.98 7 
53.00 7 
53.02 28 
53.04 14 
53.06 7 
53.08 7 
53.10 28 
53.12 7 
53.14 7 
53.16 7 
53.18 21 
53.20 21 
53.22 21 
53.24 7 
53.26 14 
53.28 7 
53.30 14 
53.32 7 
53.34 7 
53.36 7 
53.38 28 
53.40 28 
53.42 28 
53.44 14 
53.46 21 
53.48 7 
53.50 7 
53.52 7 
53.54 7 
53.56 21 
53.58 14 
53.60 14 
53.62 14 
53.64 7 
53.66 21 
53.68 14 
53.70 28 
53.72 7 
53.74 21 
53.76 21 
53.78 14 
53.80 7 
53.82 14 
53.84 7 
53.86 21 
53.88 14 
53.90 21 
53.92 14 
53.94 7 
53.96 7 
53.98 7 
54.00 21 
54.02 14 
54.04 14 
54.06 14 
54.08 21 
54.10 21 
54.12 14 
54.14 21 
54.16 35 
54.18 14 
54.20 14 
54.22 7 
54.24 7 
54.26 7 
54.28 21 
54.30 7 
54.32 21 
54.34 7 
54.36 7 
54.38 7 
54.40 7 
54.42 14 
54.44 28 
54.46 28 
54.48 14 
54.50 14 
54.52 42 
54.54 28 
54.56 28 
54.58 21 
54.60 21 
54.62 28 
54.64 35 
54.66 7 
54.68 7 
54.70 28 
54.72 14 
54.74 28 
54.76 7 
54.78 42 
54.80 14 
54.82 7 
54.84 14 
54.86 28 
54.88 21 
54.90 14 
54.92 21 
54.94 7 
54.96 21 
54.98 35 
55.00 7 
55.02 7 
55.04 14 
55.06 21 
55.08 21 
55.10 28 
55.12 7 
55.14 7 
55.16 21 
55.18 21 
55.20 42 
55.22 21 
55.24 14 
55.26 21 
55.28 21 
55.30 42 
55.32 21 
55.34 21 
55.36 35 
55.38 7 
55.40 21 
55.42 21 
55.44 28 
55.46 21 
55.48 7 
55.50 28 
55.52 14 
55.54 28 
55.56 7 
55.58 14 
55.60 7 
55.62 21 
55.64 56 
55.66 7 
55.68 49 
55.70 28 
55.72 35 
55.74 28 
55.76 56 
55.78 21 
55.80 14 
55.82 21 
55.84 49 
55.86 21 
55.88 28 
55.90 21 
55.92 49 
55.94 49 
55.96 28 
55.98 21 
56.00 76 
56.02 69 
56.04 28 
56.06 90 
56.08 97 
56.10 69 
56.12 62 
56.14 28 
56.16 76 
56.18 62 
56.20 90 
56.22 139 
56.24 139 
56.26 167 
56.28 319 
56.30 326 
56.32 549 
56.34 806 
56.36 833 
56.38 986 
56.40 938 
56.42 958 
56.44 792 
56.46 597 
56.48 375 
56.50 410 
56.52 507 
56.54 493 
56.56 438 
56.58 410 
56.60 347 
56.62 222 
56.64 111 
56.66 83 
56.68 76 
56.70 62 
56.72 42 
56.74 56 
56.76 56 
56.78 35 
56.80 14 
56.82 28 
56.84 21 
56.86 28 
56.88 28 
56.90 28 
56.92 42 
56.94 7 
56.96 28 
56.98 14 
57.00 14 
57.02 21 
57.04 7 
57.06 7 
57.08 7 
57.10 21 
57.12 7 
57.14 14 
57.16 14 
57.18 14 
57.20 14 
57.22 21 
57.24 7 
57.26 14 
57.28 35 
57.30 35 
57.32 35 
57.34 7 
57.36 14 
57.38 7 
57.40 14 
57.42 14 
57.44 21 
57.46 14 
57.48 14 
57.50 7 
57.52 21 
57.54 14 
57.56 35 
57.58 35 
57.60 35 
57.62 7 
57.64 7 
57.66 7 
57.68 7 
57.70 14 
57.72 14 
57.74 14 
57.76 7 
57.78 28 
57.80 7 
57.82 14 
57.84 7 
57.86 14 
57.88 7 
57.90 14 
57.92 7 
57.94 14 
57.96 14 
57.98 14 
58.00 7 
58.02 28 
58.04 21 
58.06 7 
58.08 7 
58.10 7 
58.12 7 
58.14 7 
58.16 7 
58.18 14 
58.20 7 
58.22 14 
58.24 14 
58.26 14 
58.28 14 
58.30 14 
58.32 14 
58.34 14 
58.36 28 
58.38 7 
58.40 7 
58.42 7 
58.44 21 
58.46 21 
58.48 21 
58.50 7 
58.52 7 
58.54 7 
58.56 7 
58.58 35 
58.60 14 
58.62 14 
58.64 7 
58.66 35 
58.68 28 
58.70 14 
58.72 7 
58.74 28 
58.76 28 
58.78 21 
58.80 14 
58.82 14 
58.84 14 
58.86 14 
58.88 21 
58.90 21 
58.92 14 
58.94 14 
58.96 7 
58.98 7 
59.00 14 
59.02 7 
59.04 28 
59.06 28 
59.08 28 
59.10 21 
59.12 21 
59.14 21 
59.16 21 
59.18 21 
59.20 21 
59.22 21 
59.24 21 
59.26 21 
59.28 7 
59.30 7 
59.32 7 
59.34 7 
59.36 21 
59.38 14 
59.40 7 
59.42 7 
59.44 14 
59.46 14 
59.48 7 
59.50 7 
59.52 7 
59.54 7 
59.56 7 
59.58 21 
59.60 21 
59.62 21 
59.64 14 
59.66 7 
59.68 7 
59.70 14 
59.72 21 
59.74 14 
59.76 14 
59.78 14 
59.80 7 
59.82 35 
59.84 7 
59.86 7 
59.88 21 
59.90 14 
59.92 7 
59.94 28 
59.96 14 
59.98 7 
60.00 7 
60.02 21 
60.04 7 
60.06 35 
60.08 7 
60.10 35 
60.12 14 
60.14 14 
60.16 14 
60.18 14 
60.20 14 
60.22 28 
60.24 28 
60.26 7 
60.28 7 
60.30 28 
60.32 14 
60.34 7 
60.36 35 
60.38 14 
60.40 14 
60.42 21 
60.44 14 
60.46 14 
60.48 28 
60.50 7 
60.52 28 
60.54 14 
60.56 21 
60.58 14 
60.60 14 
60.62 14 
60.64 28 
60.66 21 
60.68 14 
60.70 21 
60.72 21 
60.74 7 
60.76 7 
60.78 7 
60.80 42 
60.82 14 
60.84 21 
60.86 7 
60.88 7 
60.90 7 
60.92 14 
60.94 14 
60.96 14 
60.98 21 
61.00 21 
61.02 14 
61.04 7 
61.06 14 
61.08 28 
61.10 28 
61.12 62 
61.14 14 
61.16 21 
61.18 7 
61.20 14 
61.22 28 
61.24 35 
61.26 35 
61.28 21 
61.30 7 
61.32 28 
61.34 7 
61.36 28 
61.38 21 
61.40 28 
61.42 14 
61.44 35 
61.46 7 
61.48 28 
61.50 7 
61.52 7 
61.54 21 
61.56 7 
61.58 14 
61.60 21 
61.62 7 
61.64 21 
61.66 14 
61.68 35 
61.70 35 
61.72 14 
61.74 14 
61.76 35 
61.78 14 
61.80 21 
61.82 7 
61.84 49 
61.86 7 
61.88 28 
61.90 35 
61.92 14 
61.94 21 
61.96 28 
61.98 35 
62.00 7 
62.02 7 
62.04 28 
62.06 7 
62.08 35 
62.10 7 
62.12 14 
62.14 56 
62.16 21 
62.18 14 
62.20 42 
62.22 56 
62.24 69 
62.26 42 
62.28 62 
62.30 28 
62.32 56 
62.34 69 
62.36 104 
62.38 111 
62.40 62 
62.42 49 
62.44 42 
62.46 76 
62.48 146 
62.50 167 
62.52 208 
62.54 236 
62.56 410 
62.58 451 
62.60 514 
62.62 604 
62.64 917 
62.66 917 
62.68 847 
62.70 618 
62.72 410 
62.74 465 
62.76 285 
62.78 375 
62.80 375 
62.82 375 
62.84 431 
62.86 319 
62.88 243 
62.90 174 
62.92 111 
62.94 132 
62.96 90 
62.98 69 
63.00 56 
63.02 7 
63.04 14 
63.06 35 
63.08 56 
63.10 28 
63.12 14 
63.14 7 
63.16 21 
63.18 21 
63.20 28 
63.22 14 
63.24 21 
63.26 14 
63.28 7 
63.30 14 
63.32 21 
63.34 14 
63.36 7 
63.38 7 
63.40 14 
63.42 7 
63.44 28 
63.46 7 
63.48 7 
63.50 21 
63.52 14 
63.54 21 
63.56 49 
63.58 49 
63.60 7 
63.62 14 
63.64 14 
63.66 7 
63.68 14 
63.70 35 
63.72 7 
63.74 21 
63.76 21 
63.78 14 
63.80 14 
63.82 7 
63.84 7 
63.86 14 
63.88 14 
63.90 7 
63.92 14 
63.94 14 
63.96 14 
63.98 7 
64.00 14 
64.02 7 
64.04 7 
64.06 7 
64.08 21 
64.10 7 
64.12 7 
64.14 21 
64.16 14 
64.18 21 
64.20 7 
64.22 21 
64.24 21 
64.26 7 
64.28 35 
64.30 7 
64.32 14 
64.34 7 
64.36 21 
64.38 21 
64.40 21 
64.42 14 
64.44 28 
64.46 7 
64.48 21 
64.50 21 
64.52 7 
64.54 21 
64.56 21 
64.58 21 
64.60 7 
64.62 21 
64.64 7 
64.66 7 
64.68 7 
64.70 7 
64.72 21 
64.74 21 
64.76 21 
64.78 14 
64.80 21 
64.82 21 
64.84 21 
64.86 14 
64.88 28 
64.90 7 
64.92 14 
64.94 28 
64.96 28 
64.98 35 
65.00 14 
65.02 14 
65.04 21 
65.06 7 
65.08 14 
65.10 35 
65.12 7 
65.14 7 
65.16 7 
65.18 21 
65.20 28 
65.22 28 
65.24 28 
65.26 35 
65.28 35 
65.30 14 
65.32 21 
65.34 21 
65.36 35 
65.38 14 
65.40 7 
65.42 21 
65.44 21 
65.46 7 
65.48 14 
65.50 21 
65.52 14 
65.54 14 
65.56 56 
65.58 7 
65.60 42 
65.62 35 
65.64 7 
65.66 35 
65.68 21 
65.70 7 
65.72 35 
65.74 7 
65.76 14 
65.78 7 
65.80 42 
65.82 42 
65.84 14 
65.86 35 
65.88 14 
65.90 21 
65.92 28 
65.94 56 
65.96 7 
65.98 28 
66.00 28 
66.02 35 
66.04 28 
66.06 56 
66.08 90 
66.10 104 
66.12 104 
66.14 153 
66.16 153 
66.18 153 
66.20 153 
66.22 160 
66.24 97 
66.26 97 
66.28 62 
66.30 76 
66.32 83 
66.34 125 
66.36 69 
66.38 56 
66.40 56 
66.42 35 
66.44 35 
66.46 42 
66.48 14 
66.50 49 
66.52 35 
66.54 35 
66.56 7 
66.58 14 
66.60 28 
66.62 35 
66.64 35 
66.66 28 
66.68 14 
66.70 21 
66.72 14 
66.74 14 
66.76 14 
66.78 42 
66.80 21 
66.82 7 
66.84 35 
66.86 14 
66.88 14 
66.90 7 
66.92 28 
66.94 21 
66.96 28 
66.98 49 
67.00 28 
67.02 14 
67.04 42 
67.06 14 
67.08 7 
67.10 7 
67.12 35 
67.14 14 
67.16 28 
67.18 42 
67.20 28 
67.22 14 
67.24 7 
67.26 56 
67.28 35 
67.30 56 
67.32 21 
67.34 21 
67.36 49 
67.38 42 
67.40 56 
67.42 35 
67.44 83 
67.46 42 
67.48 69 
67.50 62 
67.52 104 
67.54 111 
67.56 132 
67.58 90 
67.60 139 
67.62 181 
67.64 264 
67.66 438 
67.68 417 
67.70 576 
67.72 785 
67.74 736 
67.76 792 
67.78 597 
67.80 590 
67.82 382 
67.84 354 
67.86 368 
67.88 292 
67.90 285 
67.92 306 
67.94 354 
67.96 340 
67.98 264 
68.00 215 
68.02 215 
68.04 62 
68.06 90 
68.08 76 
68.10 90 
68.12 35 
68.14 35 
68.16 14 
68.18 28 
68.20 90 
68.22 90 
68.24 21 
68.26 49 
68.28 14 
68.30 28 
68.32 28 
68.34 14 
68.36 7 
68.38 14 
68.40 21 
68.42 21 
68.44 14 
68.46 35 
68.48 28 
68.50 42 
68.52 49 
68.54 49 
68.56 28 
68.58 49 
68.60 49 
68.62 42 
68.64 42 
68.66 49 
68.68 62 
68.70 35 
68.72 28 
68.74 62 
68.76 118 
68.78 125 
68.80 160 
68.82 208 
68.84 243 
68.86 278 
68.88 347 
68.90 465 
68.92 278 
68.94 257 
68.96 208 
68.98 222 
69.00 167 
69.02 132 
69.04 111 
69.06 160 
69.08 153 
69.10 194 
69.12 111 
69.14 111 
69.16 49 
69.18 35 
69.20 35 
69.22 28 
69.24 21 
69.26 14 
69.28 49 
69.30 21 
69.32 14 
69.34 28 
69.36 35 
69.38 7 
69.40 7 
69.42 14 
69.44 14 
69.46 7 
69.48 7 
69.50 7 
69.52 14 
69.54 7 
69.56 7 
69.58 21 
69.60 14 
69.62 14 
69.64 7 
69.66 7 
69.68 7 
69.70 7 
69.72 7 
69.74 14 
69.76 7 
69.78 7 
69.80 7 
69.82 7 
69.84 7 
69.86 21 
69.88 14 
69.90 7 
69.92 21 
69.94 14 
69.96 14 
69.98 14 
